;=================================================
;
; The lattice from the RFQ exit to the target as of 2014-07-03
;
; - The RFQ output distribution is from the RFQ ver in Fall 2013 (Oct?):
;
;   /Dropbox/ESS_Linac/3.0_MEBT/Beam_Physics/dist.rfq_rfq.2013.10_4sig.1M.dst
;
; - Versions of each sections:
;
;   * MEBT: 2014.v1
;   * DTL : v86
;   * SC  : Optimus+ (NCELLS)
;   * HEBT: raster27
;
;=================================================

;BEGIN_BEAMLINE mebt
;-------- MEBT 2014.v1 (matched to RFQ 2013.Oct and DTL v86)
ERROR_SET_RATIO 1

ERROR_BEAM_STAT 1 0.3 0.3 0 1 1 0.01 5 5 5 5 5 5 0.625 0 0 0 0 0 0 0 0 0 0 0 0

ERROR_QUAD_NCPL_STAT 1000 1 0.2 0.2 0 0 0.06 0.5 0
ERROR_CAV_NCPL_STAT 1000 1 0.5 0.5 0.115 0.115 1 1 0
ERROR_CAV_NCPL_DYN 1000 1 0 0 0 0 0.2 0.2 0

DRIFT 150 18.4 0

DRIFT 10 18.4 0
;MATCH_FAM_GRAD 66 8
QUAD 40 -16.1578 18.4 0 0 0 0 0
DIAG_POSITION 1 0 0 0.2
ADJUST 2 1 0
ADJUST 2 2 0
THIN_STEERING 0 0 18.4 0
;MATCH_FAM_GRAD 66 8
QUAD 40 -16.1578 18.4 0 0 0 0 0
DRIFT 10 18.4 0

DRIFT 100 18.4 0

DRIFT 10 18.4 0
;MATCH_FAM_GRAD 66 9
QUAD 40 19.4008 18.4 0 0 0 0 0
DIAG_POSITION 2 0 0 0.2
ADJUST 3 1 0
ADJUST 3 2 0
THIN_STEERING 0 0 18.4 0
;MATCH_FAM_GRAD 66 9
QUAD 40 19.4008 18.4 0 0 0 0 0
DRIFT 10 18.4 0

DRIFT 30 18.4 0

DRIFT 95 14.5 0
;MATCH_FAM_FIELD 66 7
SET_BEAM_PHASE_ERROR 0 0
GAP 125435 -90 14.5 0 0 0 0 0 0 0
DRIFT 95 14.5 0

DRIFT 30 18.4 0

DRIFT 10 18.4 0
;MATCH_FAM_GRAD 66 10
QUAD 40 -14.2708 18.4 0 0 0 0 0
DIAG_POSITION 3 0 0 0.2
ADJUST 4 1 0
ADJUST 4 2 0
THIN_STEERING 0 0 18.4 0
;MATCH_FAM_GRAD 66 10
QUAD 40 -14.2708 18.4 0 0 0 0 0
DRIFT 10 18.4 0

DRIFT 50 18.4 0
;-- col 1
DRIFT 1e-08 18.4 0  ; 0%
;DRIFT 1e-08 5.1 8.9  ; 50% => ~12+12 W
;DRIFT 1e-08 4.9 8.4  ; 100% => ~22+24 W
DRIFT 50 18.4 0

DRIFT 50 18.4 0
;SET_SIZE 1 0 5.712 0 0  ; 0.5 mm + 3.719-sig
DRIFT 1e-08 18.4 0
;#################################################
; Have at least one "CHOPPER" command (Otherwise, the aperuter isn't correct)
;#################################################
CHOPPER 3 0 10 0 1  ; V chopper off
;CHOPPER 3 4000 10 0 1  ; 99.9946%, 0.005% in Q4-5
;CHOPPER 3 3800 10 0 1  ; 99.9540%, 0.046% in Q4-5
;CHOPPER 3 3600 10 0 1  ; 99.8259%, 0.170% in Q4-5, 0.004% in Q5
DRIFT 72.5 18.4 0
QUAD 255 2.05 18.4 0 0 0 0 0
DRIFT 72.5 18.4 0
DRIFT 50 18.4 0

DRIFT 206 18.4 0

;-- rectangular dump =>
DRIFT 40 18.4 0
DRIFT 4 18.4 18.4
DRIFT 5 18.4 18
DRIFT 5 18.4 17.5
DRIFT 5 18.4 17
DRIFT 5 18.4 16.5
DRIFT 5 18.4 16
DRIFT 5 18.4 15.5
DRIFT 5 18.4 15
DRIFT 5 18.4 14.5
DRIFT 5 18.4 14
DRIFT 5 18.4 13.5
DRIFT 5 18.4 13
DRIFT 5 18.4 12.5
DRIFT 5 18.4 12
DRIFT 5 18.4 11.5
DRIFT 5 18.4 11
DRIFT 5 18.4 10.5
DRIFT 5 18.4 10
DRIFT 5 18.4 9.5
DRIFT 5 18.4 9
DRIFT 5 18.4 8.5
;SET_SIZE 1 0 3.899 0 0  ; 0.5 mm + 3.090-sig (3.8 kV, dy = 13.8874 mm)
DRIFT 1e-08 18.4 8
DRIFT 40 18.4 0
;-- <= rectangular dump

DRIFT 30 18.4 0

DRIFT 95 14.5 0
;SET_SIZE 1 0 0 52.17 0  ; 70.0 deg
DRIFT 1e-08 14.5 0
;MATCH_FAM_FIELD 66 5
SET_BEAM_PHASE_ERROR 0 0
GAP 62349.9 -90 14.5 0 0 0 0 0 0 0  ; python
;GAP 61476.9 -90 14.5 0 0 0 0 0 0 0  ; partran
DRIFT 95 14.5 0

DRIFT 30 18.4 0

DRIFT 10 18.4 0
;MATCH_FAM_GRAD 66 11
QUAD 40 8.22001 18.4 0 0 0 0 0
DIAG_POSITION 4 0 0 0.2
ADJUST 5 1 0
ADJUST 5 2 0
THIN_STEERING 0 0 18.4 0
;MATCH_FAM_GRAD 66 11
QUAD 40 8.22001 18.4 0 0 0 0 0
DRIFT 10 18.4 0

DRIFT 50 18.4 0
;-- col 2
DRIFT 1e-08 18.4 0  ; 0%
;DRIFT 1e-08 7.5 11.9  ; 50% => ~11+12 W
;DRIFT 1e-08 7.2 11.3  ; 100% => ~21+21 W
DRIFT 50 18.4 0

DRIFT 10 18.4 0
;MATCH_FAM_GRAD 66 12
QUAD 40 -15.5667 18.4 0 0 0 0 0
DIAG_POSITION 5 0 0 0.2
ADJUST 6 1 0
ADJUST 6 2 0
THIN_STEERING 0 0 18.4 0
;MATCH_FAM_GRAD 66 12
QUAD 40 -15.5667 18.4 0 0 0 0 0
DRIFT 10 18.4 0

DRIFT 100 18.4 0

DRIFT 10 18.4 0
;MATCH_FAM_GRAD 66 13
QUAD 40 9.88831 18.4 0 0 0 0 0
DIAG_POSITION 6 0 0 0.2
ADJUST 7 1 0
ADJUST 7 2 0
THIN_STEERING 0 0 18.4 0
;MATCH_FAM_GRAD 66 13
QUAD 40 9.88831 18.4 0 0 0 0 0
DRIFT 10 18.4 0

DRIFT 350 18.4 0

DRIFT 10 18.4 0
;MATCH_FAM_GRAD 66 1
QUAD 40 -9.43731 18.4 0 0 0 0 0
DIAG_POSITION 7 0 0 0.2
ADJUST 8 1 0
ADJUST 8 2 0
THIN_STEERING 0 0 18.4 0
;MATCH_FAM_GRAD 66 1
QUAD 40 -9.43731 18.4 0 0 0 0 0
DRIFT 10 18.4 0

DRIFT 30 18.4 0

DRIFT 95 14.5 0
;MATCH_FAM_FIELD 66 6
SET_BEAM_PHASE_ERROR 0 0
GAP 146010 -90 14.5 0 0 0 0 0 0 0  ; python
;GAP 145949 -90 14.5 0 0 0 0 0 0 0  ; partran
DRIFT 95 14.5 0

DRIFT 30 18.4 0

DRIFT 10 18.4 0
;MATCH_FAM_GRAD 66 2
QUAD 40 18.9722 18.4 0 0 0 0 0
DIAG_POSITION 8 0 0 0.2
ADJUST 9 1 0
ADJUST 9 2 0
THIN_STEERING 0 0 18.4 0
;MATCH_FAM_GRAD 66 2
QUAD 40 18.9722 18.4 0 0 0 0 0
DRIFT 10 18.4 0

DRIFT 50 18.4 0
;-- col 3
DRIFT 1e-08 18.4 0  ; 0%
;DRIFT 1e-08 6.8 3.4  ; 50% => ~13+10 W
;DRIFT 1e-08 6.6 3.1  ; 100% => ~20+22 W
DRIFT 50 18.4 0

DRIFT 10 18.4 0
;MATCH_FAM_GRAD 66 3
QUAD 40 -31.2924 18.4 0 0 0 0 0
DIAG_POSITION 9 0 0 0.2
ADJUST 10 1 0
ADJUST 10 2 0
THIN_STEERING 0 0 18.4 0
;MATCH_FAM_GRAD 66 3
QUAD 40 -31.2924 18.4 0 0 0 0 0
DRIFT 10 18.4 0

DRIFT 100 18.4 0

DRIFT 10 18.4 0
;MATCH_FAM_GRAD 66 4
QUAD 40 23.8721 18.4 0 0 0 0 0
DIAG_POSITION 10 0 0 0.2
;ADJUST 101 1 0
;ADJUST 101 2 0
THIN_STEERING 0 0 18.4 0
;MATCH_FAM_GRAD 66 4
QUAD 40 23.8721 18.4 0 0 0 0 0
DRIFT 10 18.4 0

DRIFT 100 18.4 0
;SET_TWISS 66 1.4311 0.2227 -4.2949 0.7963 0.1264 0.4133
PLOT_DST
DRIFT 1e-08 18.4 0

;END

;-------- DTL v86
;BEGIN_BEAMLINE dtl

ERROR_QUAD_NCPL_STAT 500 1 0.1 0.1 0.5 0.5 0.2 0.5 0
ERROR_CAV_NCPL_STAT 500 1 0 0 0 0 1 0.5 0

FREQ 352.21

;-- Tank 1

QUAD 25 -59.9444 10 0 0 0 0 0

ERROR_CAV_CPL_STAT 70 1 0 0 0 0 1 1 0
ERROR_CAV_CPL_DYN 70 1 0 0 0 0 0.2 0.2 0
SET_BEAM_PHASE_ERROR 0 0
LATTICE 4 0
DTL_CEL 75.2368 25 24.6445 0.00999151 -59.9444 0 176348 -35 10 0 0.0884558 0.780607 -0.378458 -0.163516
adjust 101 1 0 -0.0008 0.0008         
THIN_STEERING 0 0 10 0
DTL_CEL 76.7173 25.3555 24.6872 0.00843712 0 61.4534 181343 -34.84 10 0 0.0901891 0.787449 -0.368549 -0.166374
DTL_CEL 78.2065 25.3128 24.6173 0.00391206 61.4534 0 186036 -34.67 10 0 0.0919382 0.792678 -0.361117 -0.169146
adjust 101 2 0 -0.0008 0.0008         
THIN_STEERING 0 0 10 0
DTL_CEL 79.7144 25.3827 24.686 0.00243937 0 -60.6833 191327 -34.51 10 0 0.0937035 0.799624 -0.35076 -0.170862
DTL_CEL 81.2303 25.314 24.6081 -0.00235814 -60.6833 0 196084 -34.34 10 0 0.0954842 0.804402 -0.343792 -0.172695
DTL_CEL 82.7618 25.3919 24.6773 -0.0051598 0 60.3324 201463 -34.18 10 0 0.09728 0.810969 -0.33379 -0.173483
DTL_CEL 84.3076 25.3227 24.611 -0.00783544 60.3324 0 206376 -34.02 10 0 0.0990905 0.81549 -0.32703 -0.174559
DTL_CEL 85.8611 25.389 24.6596 -0.0121451 0 -59.6309 211745 -33.85 10 0 0.100915 0.821399 -0.317886 -0.174694
DTL_CEL 87.4283 25.3404 24.6148 -0.0161061 -59.6309 0 216733 -33.69 10 0 0.102754 0.82582 -0.311126 -0.175139
DTL_CEL 89.0095 25.3852 24.6309 -0.0183756 0 57.8545 222084 -33.53 10 0 0.104605 0.831074 -0.30288 -0.174802
DTL_CEL 90.5968 25.3691 24.6324 -0.0234926 57.8545 0 227295 -33.36 10 0 0.10647 0.835667 -0.295675 -0.174518
DTL_CEL 92.1997 25.3676 24.6263 -0.0262063 0 -57.4315 232495 -33.2 10 0 0.108348 0.840071 -0.2887 -0.173986
DTL_CEL 93.8076 25.3737 24.5972 -0.0315783 -57.4315 0 237746 -33.03 10 0 0.110237 0.844334 -0.281896 -0.173259
DTL_CEL 95.4288 25.4028 24.6357 -0.0354368 0 55.7685 243265 -32.87 10 0 0.112139 0.849057 -0.274237 -0.171933
DTL_CEL 97.0621 25.3643 24.6091 -0.0385509 55.7685 0 248459 -32.71 10 0 0.114052 0.852709 -0.268356 -0.171103
DTL_CEL 98.6994 25.3909 24.6299 -0.0441425 0 -54.807 253882 -32.54 10 0 0.115976 0.856769 -0.261714 -0.169729
DTL_CEL 100.348 25.3701 24.6003 -0.0488042 -54.807 0 259061 -32.38 10 0 0.117911 0.860196 -0.256178 -0.168867
DTL_CEL 102.009 25.3997 24.6093 -0.0517846 0 53.7316 264552 -32.22 10 0 0.119855 0.864036 -0.249816 -0.167236
DTL_CEL 103.672 25.3907 24.5997 -0.0578007 53.7316 0 269986 -32.05 10 0 0.121811 0.867551 -0.243964 -0.165631
DIAG_POSITION 101 0 0 0.2
DTL_CEL 105.35 25.4003 24.6268 -0.0609601 0 -52.8426 275521 -31.89 10 0 0.123776 0.871051 -0.238095 -0.163851
DTL_CEL 107.029 25.3732 24.5939 -0.0674228 -52.8426 0 280762 -31.72 10 0 0.12575 0.873948 -0.233257 -0.162457
adjust 101 1 0 -0.0008 0.0008         
THIN_STEERING 0 0 10 0
DTL_CEL 108.72 25.4061 24.62 -0.0722071 0 51.8217 286374 -31.56 10 0 0.127734 0.877262 -0.227637 -0.16051
DTL_CEL 110.42 25.38 24.5895 -0.0758433 51.8217 0 291726 -31.4 10 0 0.129726 0.879949 -0.223108 -0.159043
adjust 101 2 0 -0.0008 0.0008         
THIN_STEERING 0 0 10 0
DTL_CEL 112.122 25.4105 24.6426 -0.0822933 0 -50.9517 297397 -31.23 10 0 0.131726 0.883068 -0.217767 -0.156986
DTL_CEL 113.832 25.3574 24.6407 -0.0879116 -50.9517 0 302541 -31.07 10 0 0.133734 0.885127 -0.214297 -0.155874
DTL_CEL 115.552 25.3593 24.6407 -0.0919689 0 49.9643 307729 -30.91 10 0 0.135749 0.88711 -0.210948 -0.154773
DTL_CEL 117.27 25.3593 24.6403 -0.0993001 49.9643 0 312905 -30.74 10 0 0.137769 0.889023 -0.207699 -0.153636
DTL_CEL 119 25.3597 24.6396 -0.10346 0 -49.1202 318089 -30.58 10 0 0.139796 0.890823 -0.204641 -0.152561
DTL_CEL 120.728 25.3604 24.614 -0.110976 -49.1202 0 323259 -30.41 10 0 0.141828 0.892578 -0.201643 -0.151441
DTL_CEL 122.464 25.386 24.6353 -0.116661 0 48.1732 328719 -30.25 10 0 0.143866 0.894651 -0.198057 -0.149916
DTL_CEL 124.209 25.3647 24.666 -0.120906 48.1732 0 333951 -30.09 10 0 0.14591 0.896282 -0.195251 -0.148793
DTL_CEL 125.95 25.334 24.6185 -0.128926 0 -47.3716 338818 -29.92 10 0 0.147958 0.89745 -0.193274 -0.148135
DTL_CEL 127.703 25.3815 24.6386 -0.133068 -47.3716 0 344245 -29.76 10 0 0.150012 0.899207 -0.190214 -0.146753
DTL_CEL 129.453 25.3614 24.6563 -0.141022 0 46.4787 349450 -29.59 10 0 0.15207 0.900605 -0.187794 -0.145732
DTL_CEL 131.21 25.3437 24.6152 -0.147475 46.4787 0 354434 -29.43 10 0 0.154132 0.901653 -0.186009 -0.145092
DTL_CEL 132.974 25.3848 24.636 -0.151694 0 -45.7144 359926 -29.27 10 0 0.156199 0.903257 -0.183192 -0.143733
DTL_CEL 134.734 25.364 24.63 -0.159871 -45.7144 0 365150 -29.1 10 0 0.15827 0.904509 -0.181013 -0.142763
DTL_CEL 136.502 25.37 24.6384 -0.166219 0 44.8682 370483 -28.94 10 0 0.160345 0.905783 -0.178782 -0.141714
DTL_CEL 138.277 25.3616 24.6353 -0.170771 44.8682 0 375718 -28.78 10 0 0.162424 0.906863 -0.176902 -0.140876
DIAG_POSITION 101 0 0 0.2
DTL_CEL 140.047 25.3647 24.6345 -0.179172 0 -44.1382 380988 -28.61 10 0 0.164507 0.907965 -0.174971 -0.139967
DTL_CEL 141.828 25.3655 24.6367 -0.183696 -44.1382 0 386262 -28.45 10 0 0.166593 0.909057 -0.173051 -0.139034
adjust 101 1 0 -0.0008 0.0008         
THIN_STEERING 0 0 10 0
DTL_CEL 143.604 25.3633 24.6048 -0.192257 0 43.3346 391546 -28.28 10 0 0.168683 0.910046 -0.171316 -0.138205
DTL_CEL 145.387 25.3952 24.666 -0.198601 43.3346 0 397296 -28.12 10 0 0.170776 0.911428 -0.168847 -0.136844
adjust 101 2 0 -0.0008 0.0008         
THIN_STEERING 0 0 10 0
DTL_CEL 147.176 25.334 24.6079 -0.203545 0 -42.6416 402140 -27.96 10 0 0.172872 0.911891 -0.168074 -0.136642
DTL_CEL 148.96 25.3921 24.6338 -0.212031 -42.6416 0 407904 -27.79 10 0 0.174971 0.913154 -0.165812 -0.135375
DTL_CEL 150.75 25.3662 24.6375 -0.218799 0 41.8827 413277 -27.63 10 0 0.177073 0.914002 -0.164316 -0.13463
DTL_CEL 152.547 25.3625 24.6346 -0.223511 41.8827 0 418620 -27.47 10 0 0.179177 0.914748 -0.163003 -0.133989
DTL_CEL 154.338 25.3654 24.6062 -0.232462 0 -41.2164 424041 -27.3 10 0 0.181284 0.915529 -0.161622 -0.133287
DTL_CEL 156.139 25.3938 24.6767 -0.236898 -41.2164 0 430038 -27.14 10 0 0.183394 0.916627 -0.159643 -0.132134
DTL_CEL 157.933 25.3233 24.5994 -0.246355 0 40.4902 434718 -26.97 10 0 0.185506 0.916814 -0.159358 -0.132182
DTL_CEL 159.734 25.4006 24.6495 -0.252983 40.4902 0 440990 -26.81 10 0 0.18762 0.917954 -0.157295 -0.130935
DTL_CEL 161.54 25.3505 24.6057 -0.257871 0 -39.85 446218 -26.65 10 0 0.189736 0.918382 -0.156556 -0.130637
DTL_CEL 163.34 25.3943 24.6621 -0.266857 -39.85 0 452559 -26.48 10 0 0.191854 0.919385 -0.154738 -0.129539
DTL_CEL 165.145 25.3379 24.6441 -0.274187 0 39.156 457648 -26.32 10 0 0.193973 0.919614 -0.154366 -0.129484
DTL_CEL 166.956 25.3559 24.6913 -0.279048 39.156 0 463313 -26.16 10 0 0.196094 0.92004 -0.153622 -0.129151
DTL_CEL 168.758 25.3087 24.6844 -0.288974 0 -38.8753 467853 -25.99 10 0 0.198215 0.919898 -0.153939 -0.129587
DTL_CEL 170.569 25.3156 24.6874 -0.294198 -38.8753 0 472608 -25.83 10 0 0.200337 0.919774 -0.154221 -0.129998
DTL_CEL 172.371 25.3126 25.1289 -0.3042 0 37.7475 477300 -25.66 10 0 0.202458 0.919627 -0.154546 -0.130432
DTL_CEL 171.902 24.8711 25.8152 -1.44866 37.7475 0 477007 -25.5 10 0 0.204566 0.9211 -0.151833 -0.12861
DIAG_POSITION 101 0 0 0.2
DTL_CEL 173.361 24.1848 24.1288 -1.61641 0 -37.8238 463007 -30 10 0 0.206602 0.906912 -0.178381 -0.148088
DTL_CEL 177.456 25.8712 25 -0.412764 -37.8238 0 474488 -35 10 0 0.208535 0.906359 -0.179459 -0.149052

;-- Tank 2

LATTICE 4 0  
DTL_CEL 178.302 25 25 0 0 36.4608 0 0 10 0 0 0 0 0

ERROR_CAV_CPL_STAT 43 1 0 0 0 0 1 1 0     
ERROR_CAV_CPL_DYN 43 1 0 0 0 0 0.2 0.2 0     
SET_BEAM_PHASE_ERROR 0 0    
DTL_CEL 181.104 25 25.6674 0.000119993 36.4608 0 512462 -34 11 0 0.210485 0.894659 -0.200612 -0.161659
adjust 102 1 0 -0.0008 0.0008         
THIN_STEERING 0 0 11 0
DTL_CEL 183.128 40.3326 40.1522 0.139243 0 -23.5715 517165 -30 11 0 0.21254 0.893922 -0.202031 -0.16285
DTL_CEL 182.673 39.8478 39.6881 -0.998992 -23.5715 0 516678 -25.5 11 0 0.214669 0.895329 -0.199506 -0.161419
adjust 102 2 0 -0.0008 0.0008         
THIN_STEERING 0 0 11 0
DTL_CEL 184.51 40.3119 39.6904 -1.01396 0 23.2883 521618 -25.5 11 0 0.216827 0.895138 -0.199922 -0.161958
DTL_CEL 186.344 40.3096 39.7001 -1.02893 23.2883 0 526606 -25.5 11 0 0.218981 0.894907 -0.200412 -0.162543
DTL_CEL 188.174 40.2999 39.6934 -1.04399 0 -23.4903 531475 -25.5 11 0 0.221131 0.894546 -0.20114 -0.163282
DTL_CEL 190.001 40.3066 39.7036 -1.05895 -23.4903 0 536469 -25.5 11 0 0.223278 0.894264 -0.201721 -0.163916
DTL_CEL 191.825 40.2964 39.7048 -1.07399 0 22.7695 541300 -25.5 11 0 0.22542 0.893835 -0.202571 -0.164726
DTL_CEL 193.644 40.2952 39.7076 -1.08902 22.7695 0 546157 -25.5 11 0 0.227558 0.893392 -0.203447 -0.165547
DIAG_POSITION 102 0 0 0.2
DTL_CEL 195.46 40.2924 39.7167 -1.10404 0 -22.9598 550959 -25.5 11 0 0.229692 0.892917 -0.20438 -0.166406
DTL_CEL 197.272 40.2833 39.7103 -1.11912 -22.9598 0 555628 -25.5 11 0 0.23182 0.892305 -0.205563 -0.167425
adjust 102 1 0 -0.0008 0.0008         
THIN_STEERING 0 0 11 0
DTL_CEL 199.08 40.2897 39.7205 -1.13411 0 22.4318 560444 -25.5 11 0 0.233945 0.891783 -0.206581 -0.168329
DTL_CEL 200.884 40.2795 39.7145 -1.14917 22.4318 0 565069 -25.5 11 0 0.236064 0.891118 -0.20786 -0.169404
adjust 102 2 0 -0.0008 0.0008         
THIN_STEERING 0 0 11 0
DTL_CEL 202.684 40.2855 39.7241 -1.16413 0 -22.3473 569843 -25.5 11 0 0.238179 0.890555 -0.208952 -0.170351
DTL_CEL 204.48 40.2759 39.7261 -1.17916 -22.3473 0 574454 -25.5 11 0 0.240289 0.889845 -0.21031 -0.171471
DTL_CEL 206.271 40.2739 39.7278 -1.19416 0 22.3743 579044 -25.5 11 0 0.242393 0.889118 -0.211702 -0.172608
DTL_CEL 208.058 40.2722 39.7389 -1.20915 22.3743 0 583632 -25.5 11 0 0.244493 0.888367 -0.213135 -0.173768
DTL_CEL 209.841 40.2611 39.7316 -1.2242 0 -22.151 588004 -25.5 11 0 0.246587 0.887469 -0.214839 -0.175108
DTL_CEL 211.618 40.2684 39.7423 -1.23914 -22.151 0 592555 -25.5 11 0 0.248676 0.886677 -0.216344 -0.176307
DTL_CEL 213.391 40.2577 39.7355 -1.25414 0 21.7321 596893 -25.5 11 0 0.250759 0.885739 -0.218119 -0.177682
DTL_CEL 215.16 40.2645 39.7464 -1.26903 21.7321 0 601420 -25.5 11 0 0.252837 0.884912 -0.219689 -0.178918
DIAG_POSITION 102 0 0 0.2
DTL_CEL 216.923 40.2536 39.7478 -1.28399 0 -21.5151 605729 -25.5 11 0 0.254909 0.883933 -0.221536 -0.180331
DTL_CEL 218.682 40.2522 39.7499 -1.29891 -21.5151 0 610041 -25.5 11 0 0.256975 0.882941 -0.223405 -0.181753
adjust 102 1 0 -0.0008 0.0008         
THIN_STEERING 0 0 11 0
DTL_CEL 220.435 40.2501 39.7526 -1.3138 0 21.2823 614347 -25.5 11 0 0.259035 0.881928 -0.225313 -0.183195
DTL_CEL 222.184 40.2474 39.7535 -1.32868 21.2823 0 618599 -25.5 11 0 0.26109 0.880885 -0.227274 -0.184665
adjust 102 2 0 -0.0008 0.0008         
THIN_STEERING 0 0 11 0
DTL_CEL 223.927 40.2465 39.7558 -1.34351 0 -21.0756 622874 -25.5 11 0 0.263138 0.879838 -0.22924 -0.186134
DTL_CEL 225.666 40.2442 39.7578 -1.35832 -21.0756 0 627126 -25.5 11 0 0.265181 0.878764 -0.231254 -0.187627
DTL_CEL 227.399 40.2422 39.759 -1.37309 0 20.8547 631367 -25.5 11 0 0.267217 0.877681 -0.233285 -0.189127
DTL_CEL 229.127 40.241 39.7706 -1.38783 20.8547 0 635620 -25.5 11 0 0.269247 0.876587 -0.235335 -0.190634
DTL_CEL 230.849 40.2294 39.7631 -1.40263 0 -19.8501 639631 -25.5 11 0 0.271271 0.875334 -0.237672 -0.192318
DTL_CEL 232.566 40.2369 40.2648 -1.4173 -19.8501 0 643742 -25.5 11 0 0.273289 0.874204 -0.239784 -0.193853
DTL_CEL 231.333 39.7352 39.7253 -2.90409 0 20.2603 642553 -25.5 11 0 0.275292 0.876666 -0.235307 -0.191091
DTL_CEL 233.295 40.2747 38.6104 -2.7787 20.2603 0 647538 -30 11 0 0.277241 0.875173 -0.238086 -0.193064
DIAG_POSITION 102 0 0 0.2
DTL_CEL 243.143 41.3896 40 1.32601 0 -20.5247 660472 -34 11 0 0.279121 0.860346 -0.265191 -0.21035

;-- Tank 3            

LATTICE 4 0 
DTL_CEL 238.368 40 40 0 -20.5247 0 0 0 11 0 0 0 0 0
              
ERROR_CAV_CPL_STAT 38 1 0 0 0 0 1 1 0     
ERROR_CAV_CPL_DYN 38 1 0 0 0 0 0.2 0.2 0     
SET_BEAM_PHASE_ERROR 0 0 
DTL_CEL 241.736 40 39.767 -0.00635445 0 19.8653 644538 -34 11 0 0.280942 0.865899 -0.255126 -0.20429
DTL_CEL 243.647 40.233 40.2427 0.172697 19.8653 0 647042 -30 11 0 0.282767 0.863737 -0.2591 -0.20691
adjust 103 1 0 -0.0008 0.0008         
THIN_STEERING 0 0 11 0
DTL_CEL 242.246 39.7573 39.7906 -1.3363 0 -19.0015 646242 -25.5 11 0 0.284659 0.867134 -0.252945 -0.203204
DTL_CEL 243.879 40.2094 39.7924 -1.34917 -19.0015 0 649261 -25.5 11 0 0.286578 0.865822 -0.255377 -0.204892
adjust 103 2 0 -0.0008 0.0008         
THIN_STEERING 0 0 11 0
DTL_CEL 245.506 40.2076 39.7938 -1.362 0 19.2797 652399 -25.5 11 0 0.288489 0.864502 -0.257821 -0.206581
DTL_CEL 247.127 40.2062 39.7955 -1.3748 19.2797 0 655520 -25.5 11 0 0.290395 0.863169 -0.260289 -0.208275
DTL_CEL 248.744 40.2045 39.7975 -1.38756 0 -19.3638 658635 -25.5 11 0 0.292294 0.861827 -0.262769 -0.209971
DTL_CEL 250.355 40.2025 39.8092 -1.40028 -19.3638 0 661725 -25.5 11 0 0.294187 0.860477 -0.265265 -0.211668
DIAG_POSITION 103 0 0 0.2
DTL_CEL 251.96 40.1908 39.8005 -1.41305 0 19.1826 664568 -25.5 11 0 0.296073 0.858965 -0.268051 -0.213534
DTL_CEL 253.559 40.1995 39.8024 -1.42571 19.1826 0 667625 -25.5 11 0 0.297953 0.857593 -0.270581 -0.215235
adjust 103 1 0 -0.0008 0.0008         
THIN_STEERING 0 0 11 0
DTL_CEL 255.153 40.1976 39.8038 -1.43832 0 -19.0165 670675 -25.5 11 0 0.299826 0.856215 -0.273121 -0.216934
DTL_CEL 256.742 40.1962 39.8159 -1.45089 -19.0165 0 673713 -25.5 11 0 0.301692 0.854827 -0.275676 -0.218635
adjust 103 2 0 -0.0008 0.0008         
THIN_STEERING 0 0 11 0
DTL_CEL 258.325 40.1841 39.8072 -1.46351 0 18.8414 676467 -25.5 11 0 0.303552 0.853276 -0.278523 -0.2205
DTL_CEL 259.902 40.1928 39.8192 -1.476 18.8414 0 679473 -25.5 11 0 0.305405 0.851874 -0.281099 -0.222197
DTL_CEL 261.473 40.1808 39.8101 -1.48853 0 -18.6843 682182 -25.5 11 0 0.307252 0.850308 -0.28397 -0.224057
DTL_CEL 263.039 40.1899 39.8228 -1.50094 -18.6843 0 685157 -25.5 11 0 0.309092 0.848891 -0.286569 -0.225749
DTL_CEL 264.599 40.1772 39.8132 -1.5134 0 18.5189 687820 -25.5 11 0 0.310925 0.847309 -0.289465 -0.227604
DTL_CEL 266.154 40.1868 39.8256 -1.52573 18.5189 0 690757 -25.5 11 0 0.312751 0.845878 -0.292084 -0.229289
DIAG_POSITION 103 0 0 0.2
DTL_CEL 267.702 40.1744 39.8162 -1.5381 0 -18.3653 693383 -25.5 11 0 0.314571 0.844283 -0.294998 -0.231134
DTL_CEL 269.245 40.1838 39.829 -1.55035 -18.3653 0 696287 -25.5 11 0 0.316384 0.84284 -0.297636 -0.23281
adjust 103 1 0 -0.0008 0.0008         
THIN_STEERING 0 0 11 0
DTL_CEL 270.783 40.171 39.8302 -1.56264 0 18.2038 698876 -25.5 11 0 0.31819 0.841232 -0.300568 -0.234645
DTL_CEL 272.314 40.1698 39.8206 -1.57488 18.2038 0 701453 -25.5 11 0 0.31999 0.839618 -0.303506 -0.236473
adjust 103 2 0 -0.0008 0.0008         
THIN_STEERING 0 0 11 0
DTL_CEL 273.839 40.1794 39.8335 -1.587 0 -18.0679 704312 -25.5 11 0 0.321783 0.838161 -0.306162 -0.23813
DTL_CEL 275.359 40.1665 39.8348 -1.59916 -18.0679 0 706852 -25.5 11 0 0.323568 0.836538 -0.309114 -0.239945
DTL_CEL 276.873 40.1652 39.8249 -1.61127 0 18.0938 709373 -25.5 11 0 0.325347 0.834909 -0.312073 -0.24175
DTL_CEL 278.382 40.1751 40.3162 -1.62326 18.0938 0 712049 -25.5 11 0 0.32712 0.833439 -0.314744 -0.243387
DTL_CEL 276.374 39.6838 39.7814 -3.39018 0 -18.0416 711580 -25.5 11 0 0.328881 0.838121 -0.306363 -0.238777
DTL_CEL 278.201 40.2186 38.7233 -3.22755 -18.0416 0 715077 -30 11 0 0.330596 0.836085 -0.310057 -0.241013
DIAG_POSITION 103 0 0 0.2
DTL_CEL 289.415 41.2767 40 1.66199 0 17.2233 718760 -34 11 0 0.332241 0.813287 -0.350755 -0.262946
              
;-- Tank 4

LATTICE 4 0            
DTL_CEL 283.481 40 40 0 17.2233 0 0 0 11 0 0 0 0 0

ERROR_CAV_CPL_STAT 35 1 0 0 0 0 1 1 0     
ERROR_CAV_CPL_DYN 35 1 0 0 0 0 0.2 0.2 0     
SET_BEAM_PHASE_ERROR 0 0            
DTL_CEL 287.244 40 39.8272 -0.0108447 0 -17.1713 709594 -34 12 0 0.333834 0.812129 -0.352302 -0.261651
DTL_CEL 289.029 40.1728 40.2727 0.197776 -17.1713 0 710443 -30 12 0 0.33544 0.809351 -0.357236 -0.264205
adjust 104 1 0 -0.0008 0.0008         
THIN_STEERING 0 0 12 0
DTL_CEL 286.879 39.7273 39.85 -1.58931 0 17.3295 711564 -25.5 12 0 0.337106 0.815409 -0.346573 -0.259072
DTL_CEL 288.319 40.15 39.8512 -1.60025 17.3295 0 713371 -25.5 12 0 0.338797 0.813802 -0.349453 -0.260679
adjust 104 2 0 -0.0008 0.0008         
THIN_STEERING 0 0 12 0
DTL_CEL 289.753 40.1488 39.8527 -1.61115 0 -17.2763 715340 -25.5 12 0 0.340482 0.812194 -0.352335 -0.262274
DTL_CEL 291.181 40.1473 39.8538 -1.62201 -17.2763 0 717311 -25.5 12 0 0.342161 0.810584 -0.355216 -0.263859
DTL_CEL 292.604 40.1462 39.8551 -1.63283 0 16.9784 719287 -25.5 12 0 0.343832 0.808971 -0.3581 -0.265432
DTL_CEL 294.021 40.1449 39.8565 -1.64361 16.9784 0 721267 -25.5 12 0 0.345497 0.807357 -0.360983 -0.266994
DIAG_POSITION 104 0 0 0.2
DTL_CEL 295.432 40.1435 39.8575 -1.65434 0 -16.8507 723216 -25.5 12 0 0.347156 0.805743 -0.363867 -0.268545
DTL_CEL 296.838 40.1425 39.8699 -1.66502 -16.8507 0 725183 -25.5 12 0 0.348808 0.804127 -0.366747 -0.270081
adjust 104 1 0 -0.0008 0.0008         
THIN_STEERING 0 0 12 0
DTL_CEL 298.238 40.1301 39.8602 -1.67575 0 16.7175 726785 -25.5 12 0 0.350453 0.802347 -0.369911 -0.271734
DTL_CEL 299.633 40.1398 39.8612 -1.68635 16.7175 0 728716 -25.5 12 0 0.352092 0.800729 -0.37279 -0.273246
adjust 104 2 0 -0.0008 0.0008         
THIN_STEERING 0 0 12 0
DTL_CEL 301.021 40.1388 39.8623 -1.69692 0 -16.5964 730624 -25.5 12 0 0.353724 0.799111 -0.375666 -0.274744
DTL_CEL 302.405 40.1377 39.8637 -1.70744 -16.5964 0 732538 -25.5 12 0 0.355349 0.797493 -0.37854 -0.276228
DTL_CEL 303.783 40.1363 39.8646 -1.71792 0 16.4704 734451 -25.5 12 0 0.356968 0.795873 -0.381417 -0.277704
DTL_CEL 305.155 40.1354 39.8657 -1.72835 16.4704 0 736390 -25.5 12 0 0.358581 0.794255 -0.38428 -0.27916
DIAG_POSITION 104 0 0 0.2
DTL_CEL 306.522 40.1343 39.8785 -1.73874 0 -16.3518 738339 -25.5 12 0 0.360187 0.792637 -0.387146 -0.280604
DTL_CEL 307.883 40.1215 39.8679 -1.74917 -16.3518 0 739955 -25.5 12 0 0.361786 0.790854 -0.390293 -0.282157
adjust 104 1 0 -0.0008 0.0008         
THIN_STEERING 0 0 12 0
DTL_CEL 309.238 40.1321 39.8692 -1.75947 0 16.2285 741926 -25.5 12 0 0.363379 0.78924 -0.393145 -0.283571
DTL_CEL 310.588 40.1308 39.8704 -1.76974 16.2285 0 743888 -25.5 12 0 0.364965 0.787622 -0.396002 -0.284974
adjust 104 2 0 -0.0008 0.0008         
THIN_STEERING 0 0 12 0
DTL_CEL 311.933 40.1296 39.8827 -1.77997 0 -16.2936 745880 -25.5 12 0 0.366545 0.786006 -0.398855 -0.286366
DTL_CEL 313.272 40.1173 39.8723 -1.79021 -16.2936 0 747550 -25.5 12 0 0.368118 0.784227 -0.40198 -0.287853
DTL_CEL 314.605 40.1277 40.3224 -1.80035 0 16.3707 749455 -25.5 12 0 0.369685 0.782614 -0.404817 -0.289211
DTL_CEL 311.977 39.6776 39.8273 -3.78899 16.3707 0 751702 -25.5 12 0 0.371245 0.789797 -0.392345 -0.283931
DIAG_POSITION 104 0 0 0.2
DTL_CEL 313.689 40.1727 38.8153 -3.59714 0 -16.0338 754240 -30 12 0 0.372765 0.787373 -0.396605 -0.285949
DTL_CEL 325.974 41.1847 40 1.91302 -16.0338 0 748402 -34 12 0 0.374216 0.758033 -0.447244 -0.306079
              
;-- Tank 5

LATTICE 4 0
DTL_CEL 319.125 40 40 0 0 15.5016 0 0 12 0 0 0 0 0
              
ERROR_CAV_CPL_STAT 32 1 0 0 0 0 1 1 0     
ERROR_CAV_CPL_DYN 32 1 0 0 0 0 0.2 0.2 0     
SET_BEAM_PHASE_ERROR 0 0            
DTL_CEL 323.222 40 39.8548 -0.0143663 15.5016 0 776676 -34 12 0 0.375651 0.767986 -0.430244 -0.300073
adjust 105 1 0 -0.0008 0.0008         
THIN_STEERING 0 0 12 0
DTL_CEL 324.953 40.1452 40.2959 0.217998 0 -15.6333 776586 -30 12 0 0.377136 0.764925 -0.435532 -0.302192
DTL_CEL 322.258 39.7041 39.8763 -1.7898 -15.6333 0 779810 -25.5 12 0 0.378679 0.772934 -0.42178 -0.297034
adjust 105 2 0 -0.0008 0.0008         
THIN_STEERING 0 0 12 0
DTL_CEL 323.592 40.1237 39.8774 -1.79973 0 15.8329 781136 -25.5 12 0 0.380247 0.771285 -0.424662 -0.298328
DTL_CEL 324.921 40.1226 39.8901 -1.80962 15.8329 0 782613 -25.5 12 0 0.381809 0.769635 -0.427547 -0.299612
DIAG_POSITION 105 0 0 0.2
DTL_CEL 326.244 40.1099 39.8788 -1.81953 0 -15.724 783722 -25.5 12 0 0.383364 0.767817 -0.43071 -0.30098
DTL_CEL 327.562 40.1212 39.8805 -1.82931 -15.724 0 785236 -25.5 12 0 0.384912 0.766179 -0.433559 -0.302221
adjust 105 1 0 -0.0008 0.0008         
THIN_STEERING 0 0 12 0
DTL_CEL 328.874 40.1195 39.8932 -1.83907 0 15.611 786742 -25.5 12 0 0.386453 0.764536 -0.436422 -0.303458
DTL_CEL 330.18 40.1068 39.8818 -1.84885 15.611 0 787870 -25.5 12 0 0.387988 0.762728 -0.43956 -0.304772
adjust 105 2 0 -0.0008 0.0008         
THIN_STEERING 0 0 12 0
DTL_CEL 331.48 40.1182 39.8953 -1.8585 0 -15.5026 789426 -25.5 12 0 0.389516 0.761102 -0.44238 -0.305963
DTL_CEL 332.775 40.1047 39.8842 -1.86819 -15.5026 0 790562 -25.5 12 0 0.391037 0.759299 -0.445503 -0.307244
DTL_CEL 334.064 40.1158 39.885 -1.87777 0 15.3903 792100 -25.5 12 0 0.392552 0.757671 -0.448325 -0.30841
DTL_CEL 335.348 40.115 39.8979 -1.8873 15.3903 0 793642 -25.5 12 0 0.394061 0.756047 -0.451135 -0.309558
DIAG_POSITION 105 0 0 0.2
DTL_CEL 336.626 40.1021 39.887 -1.89685 0 -15.2882 794788 -25.5 12 0 0.395563 0.754261 -0.454217 -0.31078
DTL_CEL 337.899 40.113 39.8997 -1.90629 -15.2882 0 796350 -25.5 12 0 0.397058 0.752642 -0.457013 -0.311897
adjust 105 1 0 -0.0008 0.0008         
THIN_STEERING 0 0 12 0
DTL_CEL 339.166 40.1003 39.8887 -1.91576 0 15.1825 797512 -25.5 12 0 0.398547 0.750865 -0.460073 -0.313082
DTL_CEL 340.427 40.1113 39.9018 -1.92512 15.1825 0 799115 -25.5 12 0 0.400029 0.749258 -0.462842 -0.314165
adjust 105 2 0 -0.0008 0.0008         
THIN_STEERING 0 0 12 0
DTL_CEL 341.683 40.0982 39.8904 -1.9345 0 -15.695 800303 -25.5 12 0 0.401505 0.747483 -0.465892 -0.315316
DTL_CEL 342.934 40.1096 40.4864 -1.94377 -15.695 0 801753 -25.5 12 0 0.402974 0.745885 -0.46864 -0.316364

; No matching with the spoke
;DTL_CEL 338.436 39.5136 39.8952 -4.82537 0 16.2009 806613 -25.5 12 0 0.404439 0.758011 -0.447994 -0.30937
;DTL_CEL 339.612 40.1048 39.9142 -4.85819 16.2009 0 808244 -31.5 12 0 0.405857 0.756626 -0.450395 -0.310371
;DIAG_POSITION 105 0 0 0.2
;DTL_CEL 340.711 40.0858 38.1373 -4.89226 0 -16.3413 810814 -37.5 12 0 0.407182 0.755187 -0.452884 -0.311376
;DTL_CEL 364.885 41.8627 40 6.6668 -16.3413 0 772669 -43.5 12 0 0.408385 0.686991 -0.56646 -0.33923

; Matching with the spoke
DTL_CEL 338.436 39.5136 39.8952 -4.82537 0 12.5 806613 -25.5 12 0 0.404439 0.758011 -0.447994 -0.30937
DTL_CEL 339.612 40.1048 39.9142 -4.85819 12.5 0 808244 -31.5 12 0 0.405857 0.756626 -0.450395 -0.310371
DIAG_POSITION 105 0 0 0.2
DTL_CEL 340.711 40.0858 38.1373 -4.89226 0 -11 810814 -37.5 12 0 0.407182 0.755187 -0.452884 -0.311376
DTL_CEL 364.885 41.8627 40 6.6668 -11 0 772669 -43.5 12 0 0.408385 0.686991 -0.56646 -0.33923

;END

;If the phase advance between cells is more than 45 deg, there is a correction, on both planes, per peroiod.
lattice_end

;BEGIN_BEAMLINE spoke

; Date: Tue Oct 15 09:37:14 2013
; Project: /Users/mohammadeshraqi/Dropbox/Work/CEA/GenLin/ESSS/2-4-4/Optimus_Oct15_DTL_v84.gen
; Input energy(MeV): 89.8114,  Output energy (MeV): 1990

; ----------------------------------------------------------------------------------------------
; Spoke> A pair of dbl spoke cavities per cryo.	N_cav:13x2	L: 55.38m	B_g:0.5  	Eo: 216.249 MeV
; M_Beta> Four 6-cell elliptical cavities per cryo.	N_cav: 9x4	L: 76.68m	B_g:0.67	Eo: 561.045 MeV
; H_Beta> Four 5-cell elliptical cavities per cryo.	N_cav: 21x4	L: 178.92m	B_g:0.86	Eo: 1992.092 MeV
; NCav: 146     NCryo: 43     NLattice: 43     Length: 310.98 m    Energy: 1992.09 MeV
; ----------------------------------------------------------------------------------------------

;ERROR_CAV_NCPL_STAT_FILE cavity_errors1_random.txt
ERROR_QUAD_NCPL_STAT 1000 1 0.2 0.2 0 0 0.06 0.5 0
ERROR_CAV_NCPL_STAT 1000 1 1.5 1.5 0.129 0.129 1 1 0
ERROR_CAV_NCPL_DYN 1000 1 0 0 0 0 0.1 0.1 0

;Section LEDP
DRIFT 240 20 0

; Analytic model: No,  Cavity file: /Users/mohammadeshraqi/Work/CEA/GenLin/ESSS/2-4-8/TEST/Olry_50.edz
LATTICE 11 0
FREQ 352.21
;Spoke #1
DRIFT 160 20 0
adjust_steerer_by 1101 
STEERER 0 0 0
;match_fam_grad 501 1
QUAD 310 5.22743 30 0 0 0 0 0
DRIFT 230 50 0
DRIFT 230 50 0
adjust_steerer_bx 1101
STEERER 0 0 0
;match_fam_grad 501 2
QUAD 310 -4.81318 30 0 0 0 0 0
DRIFT 400 30 0   ;Original number = 160 increased to 400 to fit in a fast valve.
DRIFT 515 31 0
;match_fam_phase 501 5
SET_BEAM_PHASE_ERROR 0
NCELLS 1 3 0.5 4.85994e+06 -61.4286 31 0 0.486462 0.495834 14.5954 -12.9906 0.412028 0.690127 0.376221 0.323174 0.676653 0.568015 0.273498 0.673558 0.572507 0.271845
DRIFT 553.24 31 0
;match_fam_phase 501 5
SET_BEAM_PHASE_ERROR 0
NCELLS 1 3 0.5 4.90476e+06 -56.1496 31 0 0.486462 0.495834 14.6115 -13.0101 0.418636 0.696025 0.365238 0.316176 0.685584 0.55471 0.276653 0.68256 0.559156 0.275284
DRIFT 515 31 0

;Spoke #2
DRIFT 160 30 0
DIAG_POSITION 1101 0 0 0.5
adjust_steerer_by 1102 
STEERER 0 0 0
;match_fam_grad 501 3
QUAD 310 4.91604 30 0 0 0 0 0
DRIFT 230 30 0
DRIFT 230 30 0
adjust_steerer_bx 1102 
STEERER 0 0 0
;match_fam_grad 501 4
QUAD 310 -4.87671 30 0 0 0 0 0
DRIFT 160 30 0
DRIFT 515 31 0
;match_fam_phase 501 6
SET_BEAM_PHASE_ERROR 0
NCELLS 1 3 0.5 5.75934e+06 -38.2112 31 0 0.486462 0.495834 14.6229 -13.0367 0.425895 0.702204 0.353688 0.308593 0.694999 0.540518 0.279269 0.692051 0.544914 0.278196
DRIFT 553.24 31 0
;match_fam_phase 501 6
SET_BEAM_PHASE_ERROR 0
NCELLS 1 3 0.5 5.8144e+06 -34.1162 31 0 0.486462 0.495834 14.6406 -13.0557 0.433732 0.708545 0.341796 0.300555 0.704719 0.52569 0.281223 0.70185 0.530025 0.280424
DRIFT 515 31 0

;Spoke #3
DRIFT 160 30 0
DIAG_POSITION 1102 0 0 0.5
adjust_steerer_by 1103
STEERER 0 0 0
QUAD 310 4.43403 30 0 0 0 0 0
DRIFT 230 30 0
DRIFT 230 30 0
adjust_steerer_bx 1103 
STEERER 0 0 0
QUAD 310 -4.3897 30 0 0 0 0 0
DRIFT 160 30 0
DRIFT 515 31 0
SET_BEAM_PHASE_ERROR 0
NCELLS 1 3 0.5 6.42255e+06 -34.354 31 0 0.486462 0.495834 14.6539 -13.0782 0.441915 0.714823 0.329978 0.292341 0.714405 0.510737 0.282409 0.711616 0.515007 0.281875
DRIFT 553.24 31 0
SET_BEAM_PHASE_ERROR 0
NCELLS 1 3 0.5 6.48076e+06 -30.245 31 0 0.486462 0.495834 14.6707 -13.0951 0.450405 0.72099 0.318327 0.284033 0.723981 0.495785 0.282848 0.721273 0.499982 0.282552
DRIFT 515 31 0

;Spoke #4
DRIFT 160 30 0
DIAG_POSITION 1103 0 0 0.5
adjust_steerer_by 1104
STEERER 0 0 0
QUAD 310 4.35422 30 0 0 0 0 0
DRIFT 230 30 0
DRIFT 230 30 0
adjust_steerer_bx 1104 
STEERER 0 0 0
QUAD 310 -4.30627 30 0 0 0 0 0
DRIFT 160 30 0
DRIFT 515 31 0
SET_BEAM_PHASE_ERROR 0
NCELLS 1 3 0.5 6.53494e+06 -26.314 31 0 0.486462 0.495834 14.6864 -13.1104 0.458796 0.726765 0.307385 0.276046 0.733001 0.481548 0.282595 0.730369 0.485673 0.282509
DRIFT 553.24 31 0
SET_BEAM_PHASE_ERROR 0
NCELLS 1 3 0.5 6.58528e+06 -22.56 31 0 0.486462 0.495834 14.701 -13.1242 0.467059 0.73216 0.297132 0.268404 0.741476 0.468037 0.281773 0.738917 0.472089 0.281872
DRIFT 515 31 0

;Spoke #5
DRIFT 160 30 0
DIAG_POSITION 1104 0 0 0.5
adjust_steerer_by 1105 
STEERER 0 0 0
QUAD 310 4.2961 30 0 0 0 0 0
DRIFT 230 30 0
DRIFT 230 30 0
adjust_steerer_bx 1105 
STEERER 0 0 0
QUAD 310 -4.24573 30 0 0 0 0 0
DRIFT 160 30 0
DRIFT 515 31 0
SET_BEAM_PHASE_ERROR 0
NCELLS 1 3 0.5 6.63194e+06 -19.362 31 0 0.486462 0.495834 14.7146 -13.1365 0.475162 0.737188 0.28755 0.261129 0.749416 0.455262 0.280491 0.746926 0.459243 0.280752
DRIFT 553.24 31 0
SET_BEAM_PHASE_ERROR 0
NCELLS 1 3 0.5 6.67517e+06 -16.437 31 0 0.486462 0.495834 14.7273 -13.1476 0.483076 0.741863 0.27862 0.254237 0.756836 0.443225 0.278848 0.754411 0.447134 0.279251
DRIFT 515 31 0

;Spoke #6
DRIFT 160 30 0
DIAG_POSITION 1105 0 0 0.5
adjust_steerer_by 1106 
STEERER 0 0 0
QUAD 310 4.24712 30 0 0 0 0 0
DRIFT 230 30 0
DRIFT 230 30 0
adjust_steerer_bx 1106
STEERER 0 0 0
QUAD 310 -4.19689 30 0 0 0 0 0
DRIFT 160 30 0
DRIFT 515 31 0
SET_BEAM_PHASE_ERROR 0
NCELLS 1 3 0.5 6.71521e+06 -13.68 31 0 0.486462 0.495834 14.739 -13.1576 0.490786 0.746209 0.270301 0.247721 0.763764 0.431897 0.276928 0.7614 0.435738 0.277456
DRIFT 553.24 31 0
SET_BEAM_PHASE_ERROR 0
NCELLS 1 3 0.5 6.75233e+06 -11.081 31 0 0.486462 0.495834 14.7499 -13.1666 0.498287 0.75025 0.262549 0.241569 0.770235 0.421243 0.2748 0.767928 0.425017 0.275437
DRIFT 515 31 0

;Spoke #7
DRIFT 160 30 0
DIAG_POSITION 1106 0 0 0.5
adjust_steerer_by 1107 
STEERER 0 0 0
QUAD 310 4.20906 30 0 0 0 0 0
DRIFT 230 30 0
DRIFT 230 30 0
adjust_steerer_bx 1107
STEERER 0 0 0
QUAD 310 -4.15907 30 0 0 0 0 0
DRIFT 160 30 0
DRIFT 515 31 0
SET_BEAM_PHASE_ERROR 0
NCELLS 1 3 0.5 6.78678e+06 -8.63 31 0 0.486462 0.495834 14.76 -13.1749 0.505577 0.754011 0.255323 0.235766 0.77628 0.411224 0.272521 0.774028 0.414934 0.273253
DRIFT 553.24 31 0
SET_BEAM_PHASE_ERROR 0
NCELLS 1 3 0.5 6.8188e+06 -6.868 31 0 0.486462 0.495834 14.7694 -13.1822 0.512641 0.757507 0.248594 0.230304 0.781921 0.401819 0.270142 0.77972 0.405467 0.270958
DRIFT 515 31 0

;Spoke #8
DRIFT 160 30 0
DIAG_POSITION 1107 0 0 0.5
adjust_steerer_by 1108 
STEERER 0 0 0
QUAD 310 4.22769 30 0 0 0 0 0
DRIFT 230 30 0
DRIFT 230 30 0
adjust_steerer_bx 1108
STEERER 0 0 0
QUAD 310 -4.17915 30 0 0 0 0 0
DRIFT 160 30 0
DRIFT 515 31 0
SET_BEAM_PHASE_ERROR 0
NCELLS 1 3 0.5 6.84849e+06 -5.244 31 0 0.486462 0.495834 14.7781 -13.1888 0.519469 0.760754 0.242334 0.225174 0.787178 0.393004 0.267705 0.785025 0.396593 0.268594
DRIFT 553.24 31 0
SET_BEAM_PHASE_ERROR 0
NCELLS 1 3 0.5 6.87608e+06 -3.748 31 0 0.486462 0.495834 14.7861 -13.1948 0.526065 0.763775 0.236503 0.220355 0.792085 0.384735 0.265242 0.789977 0.388268 0.266195
DRIFT 515 31 0

;Spoke #9
DRIFT 160 30 0
DIAG_POSITION 1108 0 0 0.5
adjust_steerer_by 1109 
STEERER 0 0 0
QUAD 310 4.23853 30 0 0 0 0 0
DRIFT 230 30 0
DRIFT 230 30 0
adjust_steerer_bx 1109
STEERER 0 0 0
QUAD 310 -4.19186 30 0 0 0 0 0
DRIFT 160 30 0
DRIFT 515 31 0
SET_BEAM_PHASE_ERROR 0
NCELLS 1 3 0.5 6.90175e+06 -2.37 31 0 0.486462 0.495834 14.7936 -13.2003 0.532435 0.766589 0.231064 0.215824 0.796669 0.376974 0.262775 0.794603 0.380452 0.263785
DRIFT 553.24 31 0
SET_BEAM_PHASE_ERROR 0
NCELLS 1 3 0.5 6.92567e+06 -1.101 31 0 0.486462 0.495834 14.8005 -13.2054 0.538588 0.769214 0.225984 0.211562 0.800958 0.36968 0.260324 0.798932 0.373107 0.261383
DRIFT 515 31 0

;Spoke #10
DRIFT 160 30 0
DIAG_POSITION 1109 0 0 0.5
adjust_steerer_by 1110 
STEERER 0 0 0
QUAD 310 4.25718 30 0 0 0 0 0
DRIFT 230 30 0
DRIFT 230 30 0
adjust_steerer_bx 1110
STEERER 0 0 0
QUAD 310 -4.21212 30 0 0 0 0 0
DRIFT 160 30 0
DRIFT 515 31 0
SET_BEAM_PHASE_ERROR 0
NCELLS 1 3 0.5 6.948e+06 0.066 31 0 0.486462 0.495834 14.807 -13.21 0.544529 0.771667 0.221232 0.207549 0.804976 0.36282 0.257901 0.802987 0.366198 0.259004
DRIFT 553.24 31 0
SET_BEAM_PHASE_ERROR 0
NCELLS 1 3 0.5 6.96893e+06 0.76859 31 0 0.486462 0.495834 14.813 -13.2142 0.550258 0.77396 0.216787 0.203773 0.80874 0.35637 0.255522 0.806786 0.359701 0.256664
DRIFT 515 31 0

;Spoke #11
DRIFT 160 30 0
DIAG_POSITION 1110 0 0 0.5
adjust_steerer_by 1111 
STEERER 0 0 0
QUAD 310 4.28209 30 0 0 0 0 0
DRIFT 230 30 0
DRIFT 230 30 0
adjust_steerer_bx 1111
STEERER 0 0 0
QUAD 310 -4.23929 30 0 0 0 0 0
DRIFT 160 30 0
DRIFT 515 31 0
SET_BEAM_PHASE_ERROR 0
NCELLS 1 3 0.5 6.98847e+06 1.37962 31 0 0.486462 0.495834 14.8185 -13.218 0.555774 0.776101 0.212631 0.200223 0.812264 0.350308 0.253198 0.810343 0.353595 0.254374
DRIFT 553.24 31 0
SET_BEAM_PHASE_ERROR 0
NCELLS 1 3 0.5 7.00675e+06 1.90543 31 0 0.486462 0.495834 14.8237 -13.2215 0.561086 0.778105 0.208739 0.196882 0.815569 0.344606 0.250934 0.813679 0.347851 0.25214
DRIFT 515 31 0

;Spoke #12
DRIFT 160 30 0
DIAG_POSITION 1111 0 0 0.5
adjust_steerer_by 1112 
STEERER 0 0 0
QUAD 310 4.2995 30 0 0 0 0 0
DRIFT 230 30 0
DRIFT 230 30 0
adjust_steerer_bx 1112
STEERER 0 0 0
QUAD 310 -4.25901 30 0 0 0 0 0
DRIFT 160 30 0
DRIFT 515 31 0
SET_BEAM_PHASE_ERROR 0
NCELLS 1 3 0.5 7.02387e+06 2.35216 31 0 0.486462 0.495834 14.8286 -13.2247 0.566201 0.779983 0.205089 0.193734 0.818672 0.339237 0.248734 0.816811 0.34244 0.249966
DRIFT 553.24 31 0
SET_BEAM_PHASE_ERROR 0
NCELLS 1 3 0.5 7.03994e+06 2.72544 31 0 0.486462 0.495834 14.8331 -13.2277 0.571128 0.781745 0.201662 0.190766 0.821589 0.334174 0.2466 0.819756 0.337339 0.247856
DRIFT 515 31 0

;Spoke #13
DRIFT 160 30 0
DIAG_POSITION 1112 0 0 0.5
adjust_steerer_by 1113 
STEERER 0 0 0
;match_fam_grad 601 1
QUAD 310 3.47505 30 0 0 0 0 0
DRIFT 230 30 0
DRIFT 230 30 0
adjust_steerer_bx 1113
STEERER 0 0 0
;match_fam_grad 601 2
QUAD 310 -3.44403 30 0 0 0 0 0
DRIFT 160 30 0
DRIFT 515 31 0
;match_fam_phase 601 5
SET_BEAM_PHASE_ERROR 0
NCELLS 1 3 0.5 7.05503e+06 5.2173 31 0 0.486462 0.495834 14.8373 -13.2306 0.575874 0.7834 0.198439 0.187964 0.824335 0.329396 0.244534 0.822528 0.332525 0.245811
DRIFT 553.24 31 0
;match_fam_phase 601 5
SET_BEAM_PHASE_ERROR 0
NCELLS 1 3 0.5 7.06923e+06 5.45872 31 0 0.486462 0.495834 14.8413 -13.2332 0.580447 0.784958 0.195405 0.185317 0.826923 0.324882 0.242536 0.82514 0.327976 0.243831
plot_dst   ;Plot the data El. #415
DRIFT 515 31 0

;end
; Analytic model: No,  Cavity file: /Users/mohammadeshraqi/Dropbox/Work/CEA/GenLin/ESSS/FieldMaps/Ez_pi_mode_16MV_39.55MVpm_80.2mT_116.175J_Gabriele_L=1.131m.edz

;BEGIN_BEAMLINE mb

ERROR_QUAD_NCPL_STAT 1000 1 0.2 0.2 0 0 0.06 0.5 0
ERROR_CAV_NCPL_STAT 1000 1 1.5 1.5 0.129 0.129 1 1 0
ERROR_CAV_NCPL_DYN 1000 1 0 0 0 0 0.1 0.1 0

LATTICE 15 0
FREQ 704.42

;M_Beta #1
DRIFT 196.97 50 0
DIAG_POSITION 1113 0 0 0.5
adjust_steerer_by 1201 
STEERER 0 0 0
;match_fam_grad 601 3
QUAD 410 3.42596 50 0 0 0 0 0
DRIFT 300 50 0
DRIFT 300 50 0
adjust_steerer_bx 1201 
STEERER 0 0 0
;match_fam_grad 601 4
QUAD 410 -3.31601 50 0 0 0 0 0
DRIFT 196.97 50 0
DRIFT 665 60 0
;match_fam_phase 601 6
SET_BEAM_PHASE_ERROR 0
NCELLS 1 6 0.67 -6.65823e+06 76.6467 60 0 0.300073 0.300071 -12.2977 12.1985 0.581179 -0.702187 -0.525886 -0.264043 -0.473696 -0.670456 0.343735 -0.473694 -0.669947 0.344783
DRIFT 631.583 60 0
;match_fam_phase 601 6
SET_BEAM_PHASE_ERROR 0
NCELLS 1 6 0.67 -6.68812e+06 80.1867 60 0 0.300073 0.300071 -12.3836 12.2838 0.584188 -0.704893 -0.521815 -0.264829 -0.477154 -0.669184 0.334999 -0.477152 -0.668678 0.336053
DRIFT 631.583 60 0
;match_fam_phase 601 7
SET_BEAM_PHASE_ERROR 0
NCELLS 1 6 0.67 -6.71832e+06 78.2518 60 0 0.300073 0.300071 -12.4708 12.3706 0.587294 -0.707648 -0.517653 -0.265564 -0.480697 -0.667828 0.326059 -0.480694 -0.667327 0.327118
DRIFT 631.583 60 0
;match_fam_phase 601 7
SET_BEAM_PHASE_ERROR 0
NCELLS 1 6 0.67 -6.74879e+06 81.894 60 0 0.300073 0.300071 -12.5591 12.4587 0.590493 -0.710449 -0.513408 -0.266245 -0.48432 -0.666386 0.316929 -0.484317 -0.665891 0.317992
DRIFT 724.583 60 0

;M_Beta #2
DRIFT 196.97 50 0
DIAG_POSITION 1201 0 0 0.5
adjust_steerer_by 1202
STEERER 0 0 0
QUAD 410 3.61552 50 0 0 0 0 0
DRIFT 300 50 0
DRIFT 300 50 0
adjust_steerer_bx 1202 
STEERER 0 0 0
QUAD 410 -3.64463 50 0 0 0 0 0
DRIFT 196.97 50 0
DRIFT 665 60 0
SET_BEAM_PHASE_ERROR 0
NCELLS 1 6 0.67 -7.53979e+06 84.7803 60 0 0.300073 0.300071 -12.6491 12.5375 0.593594 -0.713128 -0.509333 -0.266835 -0.487806 -0.664974 0.3081 -0.487803 -0.664432 0.30928
DRIFT 631.583 60 0
SET_BEAM_PHASE_ERROR 0
NCELLS 1 6 0.67 -7.57815e+06 88.837 60 0 0.300073 0.300071 -12.7491 12.6379 0.597349 -0.716324 -0.504452 -0.267459 -0.491991 -0.663177 0.297597 -0.491989 -0.662645 0.298772
DRIFT 631.583 60 0
SET_BEAM_PHASE_ERROR 0
NCELLS 1 6 0.67 -7.61656e+06 92.9325 60 0 0.300073 0.300071 -12.8498 12.7393 0.601206 -0.719555 -0.499498 -0.268001 -0.496252 -0.661271 0.286936 -0.496249 -0.660751 0.288103
DRIFT 631.583 60 0
SET_BEAM_PHASE_ERROR 0
NCELLS 1 6 0.67 -7.6549e+06 97.0589 60 0 0.300073 0.300071 -12.951 12.8414 0.60516 -0.722813 -0.494482 -0.268459 -0.500578 -0.659259 0.276148 -0.500575 -0.658752 0.277303
DRIFT 724.583 60 0

;M_Beta #3
DRIFT 196.97 50 0
DIAG_POSITION 1202 0 0 0.5
adjust_steerer_by 1203
STEERER 0 0 0
QUAD 410 3.79032 50 0 0 0 0 0
DRIFT 300 50 0
DRIFT 300 50 0
adjust_steerer_bx 1203 
STEERER 0 0 0
QUAD 410 -3.81051 50 0 0 0 0 0
DRIFT 196.97 50 0
DRIFT 665 60 0
SET_BEAM_PHASE_ERROR 0
NCELLS 1 6 0.67 -9.10218e+06 101.41 60 0 0.300073 0.300071 -13.0531 12.9248 0.608824 -0.725784 -0.489889 -0.268799 -0.504551 -0.657389 0.266174 -0.504548 -0.656805 0.267521
DRIFT 631.583 60 0
SET_BEAM_PHASE_ERROR 0
NCELLS 1 6 0.67 -9.15557e+06 106.188 60 0 0.300073 0.300071 -13.1725 13.0465 0.613697 -0.729665 -0.483863 -0.269132 -0.509779 -0.654765 0.25325 -0.509776 -0.654204 0.25457
DRIFT 631.583 60 0
SET_BEAM_PHASE_ERROR 0
NCELLS 1 6 0.67 -9.20822e+06 110.968 60 0 0.300073 0.300071 -13.2913 13.168 0.618669 -0.733545 -0.477812 -0.269338 -0.515048 -0.652007 0.240302 -0.515045 -0.651469 0.24159
DRIFT 631.583 60 0
SET_BEAM_PHASE_ERROR 0
NCELLS 1 6 0.67 -9.25995e+06 115.736 60 0 0.300073 0.300071 -13.409 13.2888 0.623724 -0.737408 -0.471756 -0.269419 -0.52034 -0.649123 0.227385 -0.520337 -0.64861 0.228636
DRIFT 724.583 60 0

;M_Beta #4
DRIFT 196.97 50 0
DIAG_POSITION 1203 0 0 0.5
adjust_steerer_by 1204
STEERER 0 0 0
QUAD 410 4.03196 50 0 0 0 0 0
DRIFT 300 50 0
DRIFT 300 50 0
adjust_steerer_bx 1204 
STEERER 0 0 0
QUAD 410 -4.02635 50 0 0 0 0 0
DRIFT 196.97 50 0
DRIFT 665 60 0
SET_BEAM_PHASE_ERROR 0
NCELLS 1 6 0.67 -1.14195e+07 120.811 60 0 0.300073 0.300071 -13.5255 13.3817 0.628255 -0.740804 -0.46641 -0.269387 -0.525027 -0.646529 0.215886 -0.525025 -0.645928 0.217372
DRIFT 631.583 60 0
SET_BEAM_PHASE_ERROR 0
NCELLS 1 6 0.67 -1.14931e+07 125.976 60 0 0.300073 0.300071 -13.6653 13.5273 0.634593 -0.745448 -0.459063 -0.269188 -0.531495 -0.642725 0.200349 -0.531492 -0.642163 0.201765
DRIFT 631.583 60 0
SET_BEAM_PHASE_ERROR 0
NCELLS 1 6 0.67 -1.15635e+07 130.647 60 0 0.300073 0.300071 -13.8016 13.67 0.640969 -0.750002 -0.45182 -0.26882 -0.537898 -0.638793 0.18513 -0.537895 -0.638272 0.186471
DRIFT 631.583 60 0
SET_BEAM_PHASE_ERROR 0
NCELLS 1 6 0.67 -1.1631e+07 135.207 60 0 0.300073 0.300071 -13.9338 13.8086 0.647339 -0.754435 -0.444731 -0.268297 -0.544193 -0.63477 0.170339 -0.54419 -0.634287 0.171604
DRIFT 724.583 60 0

;M_Beta #5
DRIFT 196.97 50 0
DIAG_POSITION 1204 0 0 0.5
adjust_steerer_by 1205
STEERER 0 0 0
QUAD 410 4.33297 50 0 0 0 0 0
DRIFT 300 50 0
DRIFT 300 50 0
adjust_steerer_bx 1205 
STEERER 0 0 0
QUAD 410 -4.30019 50 0 0 0 0 0
DRIFT 196.97 50 0
DRIFT 665 60 0
SET_BEAM_PHASE_ERROR 0
NCELLS 1 6 0.67 -1.35337e+07 139.913 60 0 0.300073 0.300071 -14.0607 13.9229 0.653172 -0.758395 -0.438367 -0.267694 -0.549868 -0.631045 0.15707 -0.549864 -0.630527 0.158449
DRIFT 631.583 60 0
SET_BEAM_PHASE_ERROR 0
NCELLS 1 6 0.67 -1.36149e+07 144.862 60 0 0.300073 0.300071 -14.2021 14.0729 0.660428 -0.763196 -0.430613 -0.266789 -0.556811 -0.62627 0.141167 -0.556808 -0.625799 0.142446
DRIFT 631.583 60 0
SET_BEAM_PHASE_ERROR 0
NCELLS 1 6 0.67 -1.36914e+07 149.62 60 0 0.300073 0.300071 -14.3369 14.2161 0.667582 -0.767794 -0.423146 -0.265747 -0.56353 -0.621472 0.126017 -0.563527 -0.621046 0.127198
DRIFT 631.583 60 0
SET_BEAM_PHASE_ERROR 0
NCELLS 1 6 0.67 -1.37633e+07 154.18 60 0 0.300073 0.300071 -14.4651 14.3525 0.674603 -0.772184 -0.415981 -0.26459 -0.570005 -0.616685 0.111649 -0.570002 -0.616299 0.112737
DRIFT 724.583 60 0

;M_Beta #6
DRIFT 196.97 50 0
DIAG_POSITION 1205 0 0 0.5
adjust_steerer_by 1206
STEERER 0 0 0
QUAD 410 4.64928 50 0 0 0 0 0
DRIFT 300 50 0
DRIFT 300 50 0
adjust_steerer_bx 1206 
STEERER 0 0 0
QUAD 410 -4.58744 50 0 0 0 0 0
DRIFT 196.97 50 0
DRIFT 665 60 0
SET_BEAM_PHASE_ERROR 0
NCELLS 1 6 0.67 -1.668e+07 158.898 60 0 0.300073 0.300071 -14.585 14.4577 0.680751 -0.77593 -0.409841 -0.26348 -0.575578 -0.612473 0.099373 -0.575575 -0.612049 0.100587
DRIFT 631.583 60 0
SET_BEAM_PHASE_ERROR 0
NCELLS 1 6 0.67 -1.67693e+07 163.861 60 0 0.300073 0.300071 -14.7227 14.606 0.688806 -0.780705 -0.401975 -0.2619 -0.582748 -0.606832 0.083994 -0.582745 -0.606457 0.0850895
DRIFT 631.583 60 0
SET_BEAM_PHASE_ERROR 0
NCELLS 1 6 0.67 -1.68519e+07 168.541 60 0 0.300073 0.300071 -14.8513 14.7445 0.696592 -0.785181 -0.394564 -0.260251 -0.589536 -0.601316 0.06973 -0.589533 -0.600983 0.0707179
DRIFT 631.583 60 0
SET_BEAM_PHASE_ERROR 0
NCELLS 1 6 0.67 -1.69282e+07 172.946 60 0 0.300073 0.300071 -14.9714 14.8735 0.704092 -0.789369 -0.387598 -0.258562 -0.595945 -0.595951 0.0565352 -0.595942 -0.595656 0.0574263
DRIFT 724.583 60 0

;M_Beta #7
DRIFT 196.97 50 0
DIAG_POSITION 1206 0 0 0.5
adjust_steerer_by 1207 
STEERER 0 0 0
QUAD 410 4.75345 50 0 0 0 0 0
DRIFT 300 50 0
DRIFT 300 50 0
adjust_steerer_bx 1207 
STEERER 0 0 0
QUAD 410 -4.67967 50 0 0 0 0 0
DRIFT 196.97 50 0
DRIFT 665 60 0
SET_BEAM_PHASE_ERROR 0
NCELLS 1 6 0.67 -1.73767e+07 177.126 60 0 0.300073 0.300071 -15.0831 14.9913 0.711216 -0.793239 -0.381134 -0.256877 -0.601918 -0.590818 0.0444779 -0.601915 -0.59055 0.0453008
DRIFT 631.583 60 0
SET_BEAM_PHASE_ERROR 0
NCELLS 1 6 0.67 -1.74449e+07 -178.899 60 0 0.300073 0.300071 -15.1896 15.1056 0.718279 -0.796974 -0.374869 -0.255137 -0.607729 -0.585697 0.0329934 -0.607726 -0.585459 0.0337357
DRIFT 631.583 60 0
SET_BEAM_PHASE_ERROR 0
NCELLS 1 6 0.67 -1.75081e+07 -175.168 60 0 0.300073 0.300071 -15.2888 15.2117 0.725034 -0.800455 -0.369007 -0.253414 -0.613188 -0.580776 0.0224245 -0.613185 -0.580564 0.0230953
DRIFT 631.583 60 0
SET_BEAM_PHASE_ERROR 0
NCELLS 1 6 0.67 -1.75669e+07 -171.665 60 0 0.300073 0.300071 -15.3811 15.3103 0.731488 -0.803701 -0.363523 -0.251721 -0.618313 -0.576058 0.0126978 -0.61831 -0.575868 0.0133056
DRIFT 724.583 60 0

;M_Beta #8
DRIFT 196.97 50 0
DIAG_POSITION 1207 0 0 0.5
adjust_steerer_by 1208
STEERER 0 0 0
QUAD 410 4.61548 50 0 0 0 0 0
DRIFT 300 50 0
DRIFT 300 50 0
adjust_steerer_bx 1208 
STEERER 0 0 0
QUAD 410 -4.54307 50 0 0 0 0 0
DRIFT 196.97 50 0
DRIFT 665 60 0
SET_BEAM_PHASE_ERROR 0
NCELLS 1 6 0.67 -1.76216e+07 -168.374 60 0 0.300073 0.300071 -15.4671 15.4019 0.737651 -0.80673 -0.35839 -0.250066 -0.623127 -0.571542 0.00374221 -0.623123 -0.571372 0.00429425
DRIFT 631.583 60 0
SET_BEAM_PHASE_ERROR 0
NCELLS 1 6 0.67 -1.76727e+07 -165.282 60 0 0.300073 0.300071 -15.5473 15.4871 0.743532 -0.809557 -0.353583 -0.248455 -0.627648 -0.567226 -0.00451002 -0.627645 -0.567073 -0.0040072
DRIFT 631.583 60 0
SET_BEAM_PHASE_ERROR 0
NCELLS 1 6 0.67 -1.77205e+07 -162.372 60 0 0.300073 0.300071 -15.6222 15.5665 0.749145 -0.812199 -0.349078 -0.246892 -0.631897 -0.563103 -0.0121221 -0.631894 -0.562965 -0.0116628
DRIFT 631.583 60 0
SET_BEAM_PHASE_ERROR 0
NCELLS 1 6 0.67 -1.77653e+07 -159.632 60 0 0.300073 0.300071 -15.6922 15.6406 0.754501 -0.81467 -0.344853 -0.245381 -0.635895 -0.559168 -0.0191526 -0.635891 -0.559043 -0.0187318
DRIFT 724.583 60 0

;M_Beta #9
DRIFT 196.97 50 0
DIAG_POSITION 1208 0 0 0.5
adjust_steerer_by 1209
STEERER 0 0 0
;match_fam_grad 701 1
QUAD 410 4.34084 50 0 0 0 0 0
DRIFT 300 50 0
DRIFT 300 50 0
adjust_steerer_bx 1209
STEERER 0 0 0
;match_fam_grad 701 2
QUAD 410 -4.24752 50 0 0 0 0 0
DRIFT 196.97 50 0
DRIFT 665 60 0
;min_phase_variation 10 10 1.5
;match_fam_phase 701 5
SET_BEAM_PHASE_ERROR 0
NCELLS 1 6 0.67 -1.78073e+07 -156.623 60 0 0.300073 0.300071 -15.7578 15.7098 0.759613 -0.816986 -0.340886 -0.243921 -0.639658 -0.555412 -0.025655 -0.639654 -0.555299 -0.0252684
DRIFT 631.583 60 0
;match_fam_phase 701 5
SET_BEAM_PHASE_ERROR 0
NCELLS 1 6 0.67 -1.78469e+07 -154.185 60 0 0.300073 0.300071 -15.8192 15.7745 0.764495 -0.819158 -0.337156 -0.242513 -0.643204 -0.551828 -0.031678 -0.6432 -0.551725 -0.0313217
DRIFT 631.583 60 0
;match_fam_phase 701 6
SET_BEAM_PHASE_ERROR 0
NCELLS 1 6 0.67 -1.78842e+07 -151.264 60 0 0.300073 0.300071 -15.8769 15.8351 0.769158 -0.821197 -0.333645 -0.241157 -0.646549 -0.548408 -0.0372658 -0.646546 -0.548313 -0.0369365
DRIFT 631.583 60 0
;match_fam_phase 701 6
SET_BEAM_PHASE_ERROR 0
NCELLS 1 6 0.67 -1.79193e+07 -149.085 60 0 0.300073 0.300071 -15.9311 15.892 0.773616 -0.823116 -0.330337 -0.239852 -0.649708 -0.545142 -0.0424581 -0.649705 -0.545055 -0.0421529
plot_dst   ;Plot the data El. #550
DRIFT 724.583 60 0

;BEGIN_BEAMLINE hb

ERROR_QUAD_NCPL_STAT 1000 1 0.2 0.2 0 0 0.06 0.5 0
ERROR_CAV_NCPL_STAT 1000 1 1.5 1.5 0.129 0.129 1 1 0
ERROR_CAV_NCPL_DYN 1000 1 0 0 0 0 0.1 0.1 0

; Analytic model: No,  Cavity file: /Users/mohammadeshraqi/Dropbox/Work/CEA/GenLin/ESSS/FieldMaps/086-epk40.edz
LATTICE 15 0
FREQ 704.42

;H_Beta #1
DRIFT 196.975 50 0
DIAG_POSITION 1209 0 0 0.5
adjust_steerer_by 1301 
STEERER 0 0 0
;match_fam_grad 701 3
QUAD 410 4.42231 50 0 0 0 0 0
DRIFT 300 50 0
DRIFT 300 50 0
adjust_steerer_bx 1301
STEERER 0 0 0
;match_fam_grad 701 4
QUAD 410 -4.46481 50 0 0 0 0 0
DRIFT 196.975 50 0
DRIFT 665 75 0
;min_phase_variation 10 10 1.5
;match_fam_phase 701 7
SET_BEAM_PHASE_ERROR 0
NCELLS 1 5 0.86 1.83716e+07 -61.7761 75 0 0.260119 0.260145 -10.9263 10.9908 0.782235 0.732179 0.478443 0.268869 0.56322 0.64349 -0.0556436 0.563217 0.643641 -0.0552397
DRIFT 572 75 0
;match_fam_phase 701 7
SET_BEAM_PHASE_ERROR 0
NCELLS 1 5 0.86 1.84343e+07 -59.5171 75 0 0.260119 0.260145 -10.994 11.0558 0.786708 0.734895 0.474193 0.268959 0.56688 0.640283 -0.0484393 0.566877 0.640426 -0.0480563
DRIFT 572 75 0
;match_fam_phase 701 8
SET_BEAM_PHASE_ERROR 0
NCELLS 1 5 0.86 1.84953e+07 -57.3118 75 0 0.260119 0.260145 -11.0598 11.1189 0.79112 0.737535 0.470049 0.268988 0.570453 0.637113 -0.0414986 0.57045 0.637247 -0.0411358
DRIFT 572 75 0
;match_fam_phase 701 8
SET_BEAM_PHASE_ERROR 0
NCELLS 1 5 0.86 1.85547e+07 -55.1638 75 0 0.260119 0.260145 -11.1234 11.18 0.795466 0.740099 0.466011 0.26896 0.573935 0.633983 -0.0348202 0.573932 0.63411 -0.0344766
DRIFT 665 75 0

;H_Beta #2
DRIFT 196.975 50 0
DIAG_POSITION 1301 0 0 0.5
adjust_steerer_by 1302
STEERER 0 0 0
QUAD 410 4.66419 50 0 0 0 0 0
DRIFT 300 50 0
DRIFT 300 50 0
adjust_steerer_bx 1302
STEERER 0 0 0
QUAD 410 -4.64625 50 0 0 0 0 0
DRIFT 196.975 50 0
DRIFT 665 75 0
SET_BEAM_PHASE_ERROR 0
NCELLS 1 5 0.86 1.86125e+07 -54.181 75 0 0.260119 0.260145 -11.1851 11.2391 0.79974 0.742586 0.462083 0.26888 0.577324 0.630899 -0.0284011 0.577321 0.631019 -0.028076
DRIFT 572 75 0
SET_BEAM_PHASE_ERROR 0
NCELLS 1 5 0.86 1.86685e+07 -52.149 75 0 0.260119 0.260145 -11.2446 11.2962 0.803939 0.744996 0.458266 0.268755 0.580621 0.627866 -0.0222374 0.580618 0.627978 -0.0219297
DRIFT 572 75 0
SET_BEAM_PHASE_ERROR 0
NCELLS 1 5 0.86 1.87228e+07 -50.174 75 0 0.260119 0.260145 -11.3021 11.3515 0.80806 0.747329 0.454559 0.268587 0.583823 0.624886 -0.0163238 0.58382 0.624991 -0.0160328
DRIFT 572 75 0
SET_BEAM_PHASE_ERROR 0
NCELLS 1 5 0.86 1.87755e+07 -48.258 75 0 0.260119 0.260145 -11.3576 11.4048 0.812098 0.749586 0.450963 0.268382 0.586931 0.621962 -0.0106543 0.586928 0.622061 -0.010379
DRIFT 665 75 0

;H_Beta #3
DRIFT 196.975 50 0
DIAG_POSITION 1302 0 0 0.5
adjust_steerer_by 1303
STEERER 0 0 0
QUAD 410 4.67069 50 0 0 0 0 0
DRIFT 300 50 0
DRIFT 300 50 0
adjust_steerer_bx 1303
STEERER 0 0 0
QUAD 410 -4.64766 50 0 0 0 0 0
DRIFT 196.975 50 0
DRIFT 665 75 0
SET_BEAM_PHASE_ERROR 0
NCELLS 1 5 0.86 1.88264e+07 -46.399 75 0 0.260119 0.260145 -11.4112 11.4562 0.816053 0.751769 0.447478 0.268143 0.589946 0.619097 -0.00522219 0.589943 0.619191 -0.00496182
DRIFT 572 75 0
SET_BEAM_PHASE_ERROR 0
NCELLS 1 5 0.86 1.88756e+07 -44.597 75 0 0.260119 0.260145 -11.4628 11.5059 0.819923 0.753877 0.444101 0.267875 0.592868 0.616294 -2.01195e-05 0.592865 0.616382 0.00022619
DRIFT 572 75 0
SET_BEAM_PHASE_ERROR 0
NCELLS 1 5 0.86 1.89232e+07 -42.851 75 0 0.260119 0.260145 -11.5126 11.5537 0.823705 0.755914 0.440832 0.267582 0.595699 0.613553 0.0049596 0.595696 0.613636 0.00519265
DRIFT 572 75 0
SET_BEAM_PHASE_ERROR 0
NCELLS 1 5 0.86 1.89692e+07 -41.161 75 0 0.260119 0.260145 -11.5605 11.5998 0.827401 0.75788 0.437669 0.267267 0.59844 0.610875 0.00972494 0.598437 0.610954 0.00994553
DRIFT 665 75 0

;H_Beta #4
DRIFT 196.975 50 0
DIAG_POSITION 1303 0 0 0.5
adjust_steerer_by 1304
STEERER 0 0 0
QUAD 410 4.65116 50 0 0 0 0 0
DRIFT 300 50 0
DRIFT 300 50 0
adjust_steerer_bx 1304
STEERER 0 0 0
QUAD 410 -4.62509 50 0 0 0 0 0
DRIFT 196.975 50 0
DRIFT 665 75 0
SET_BEAM_PHASE_ERROR 0
NCELLS 1 5 0.86 1.90136e+07 -39.524 75 0 0.260119 0.260145 -11.6067 11.6443 0.831009 0.759778 0.434609 0.266932 0.601092 0.608262 0.0142841 0.601089 0.608336 0.0144929
DRIFT 572 75 0
SET_BEAM_PHASE_ERROR 0
NCELLS 1 5 0.86 1.90565e+07 -37.941 75 0 0.260119 0.260145 -11.6512 11.6871 0.834529 0.761609 0.43165 0.266581 0.603658 0.605713 0.0186452 0.603656 0.605783 0.0188431
DRIFT 572 75 0
SET_BEAM_PHASE_ERROR 0
NCELLS 1 5 0.86 1.90978e+07 -36.409 75 0 0.260119 0.260145 -11.694 11.7284 0.837963 0.763375 0.42879 0.266216 0.60614 0.603228 0.0228167 0.606137 0.603295 0.0230042
DRIFT 572 75 0
SET_BEAM_PHASE_ERROR 0
NCELLS 1 5 0.86 1.91377e+07 -34.928 75 0 0.260119 0.260145 -11.7352 11.7681 0.84131 0.765079 0.426026 0.26584 0.60854 0.600808 0.0268065 0.608537 0.600871 0.0269843
DRIFT 665 75 0

;H_Beta #5
DRIFT 196.975 50 0
DIAG_POSITION 1304 0 0 0.5
adjust_steerer_by 1305
STEERER 0 0 0
QUAD 410 4.61144 50 0 0 0 0 0
DRIFT 300 50 0
DRIFT 300 50 0
adjust_steerer_bx 1305
STEERER 0 0 0
QUAD 410 -4.58389 50 0 0 0 0 0
DRIFT 196.975 50 0
DRIFT 665 75 0
SET_BEAM_PHASE_ERROR 0
NCELLS 1 5 0.86 1.91762e+07 -33.495 75 0 0.260119 0.260145 -11.7749 11.8064 0.844571 0.766722 0.423355 0.265455 0.61086 0.598451 0.0306228 0.610858 0.598511 0.0307915
DRIFT 572 75 0
SET_BEAM_PHASE_ERROR 0
NCELLS 1 5 0.86 1.92133e+07 -32.11 75 0 0.260119 0.260145 -11.8131 11.8433 0.847748 0.768307 0.420774 0.265063 0.613103 0.596157 0.0342734 0.6131 0.596214 0.0344335
DRIFT 572 75 0
SET_BEAM_PHASE_ERROR 0
NCELLS 1 5 0.86 1.92491e+07 -30.77 75 0 0.260119 0.260145 -11.8498 11.8789 0.850842 0.769836 0.418281 0.264665 0.615271 0.593926 0.0377659 0.615268 0.59398 0.037918
DRIFT 572 75 0
SET_BEAM_PHASE_ERROR 0
NCELLS 1 5 0.86 1.92836e+07 -29.475 75 0 0.260119 0.260145 -11.8852 11.9131 0.853855 0.77131 0.415872 0.264264 0.617367 0.591755 0.0411078 0.617364 0.591806 0.0412525
DRIFT 665 75 0

;H_Beta #6
DRIFT 196.975 50 0
DIAG_POSITION 1305 0 0 0.5
adjust_steerer_by 1306
STEERER 0 0 0
QUAD 410 4.55819 50 0 0 0 0 0
DRIFT 300 50 0
DRIFT 300 50 0
adjust_steerer_bx 1306
STEERER 0 0 0
QUAD 410 -4.53023 50 0 0 0 0 0
DRIFT 196.975 50 0
DRIFT 665 75 0
SET_BEAM_PHASE_ERROR 0
NCELLS 1 5 0.86 1.93169e+07 -28.223 75 0 0.260119 0.260145 -11.9193 11.9461 0.856787 0.772732 0.413545 0.26386 0.619392 0.589645 0.0443063 0.619389 0.589693 0.0444439
DRIFT 572 75 0
SET_BEAM_PHASE_ERROR 0
NCELLS 1 5 0.86 1.9349e+07 -27.012 75 0 0.260119 0.260145 -11.9522 11.9779 0.859642 0.774103 0.411296 0.263454 0.62135 0.587593 0.0473683 0.621347 0.587639 0.0474993
DRIFT 572 75 0
SET_BEAM_PHASE_ERROR 0
NCELLS 1 5 0.86 1.938e+07 -25.841 75 0 0.260119 0.260145 -11.9838 12.0085 0.86242 0.775427 0.409123 0.263049 0.623242 0.585599 0.0503003 0.62324 0.585643 0.0504251
DRIFT 572 75 0
SET_BEAM_PHASE_ERROR 0
NCELLS 1 5 0.86 1.94099e+07 -24.709 75 0 0.260119 0.260145 -12.0143 12.0381 0.865123 0.776704 0.407024 0.262644 0.625072 0.583661 0.0531088 0.625069 0.583703 0.0532278
DRIFT 665 75 0

;H_Beta #7
DRIFT 196.975 50 0
DIAG_POSITION 1306 0 0 0.5
adjust_steerer_by 1307 
STEERER 0 0 0
QUAD 410 4.49554 50 0 0 0 0 0
DRIFT 300 50 0
DRIFT 300 50 0
adjust_steerer_bx 1307 
STEERER 0 0 0
QUAD 410 -4.46791 50 0 0 0 0 0
DRIFT 196.975 50 0
DRIFT 665 75 0
SET_BEAM_PHASE_ERROR 0
NCELLS 1 5 0.86 1.94388e+07 -23.614 75 0 0.260119 0.260145 -12.0437 12.0666 0.867753 0.777936 0.404995 0.262241 0.626841 0.581777 0.0557998 0.626838 0.581817 0.0559133
DRIFT 572 75 0
SET_BEAM_PHASE_ERROR 0
NCELLS 1 5 0.86 1.94666e+07 -22.554 75 0 0.260119 0.260145 -12.072 12.0941 0.870312 0.779126 0.403033 0.26184 0.628551 0.579947 0.058379 0.628549 0.579986 0.0584875
DRIFT 572 75 0
SET_BEAM_PHASE_ERROR 0
NCELLS 1 5 0.86 1.94935e+07 -21.529 75 0 0.260119 0.260145 -12.0994 12.1206 0.872802 0.780275 0.401137 0.261441 0.630206 0.578169 0.0608521 0.630203 0.578205 0.0609557
DRIFT 572 75 0
SET_BEAM_PHASE_ERROR 0
NCELLS 1 5 0.86 1.95194e+07 -20.537 75 0 0.260119 0.260145 -12.1257 12.1462 0.875225 0.781384 0.399303 0.261047 0.631806 0.57644 0.0632242 0.631804 0.576476 0.0633233
DRIFT 665 75 0

;H_Beta #8
DRIFT 196.975 50 0
DIAG_POSITION 1307 0 0 0.5
adjust_steerer_by 1308
STEERER 0 0 0
QUAD 410 4.42761 50 0 0 0 0 0
DRIFT 300 50 0
DRIFT 300 50 0
adjust_steerer_bx 1308 
STEERER 0 0 0
QUAD 410 -4.40076 50 0 0 0 0 0
DRIFT 196.975 50 0
DRIFT 665 75 0
SET_BEAM_PHASE_ERROR 0
NCELLS 1 5 0.86 1.95445e+07 -19.577 75 0 0.260119 0.260145 -12.1511 12.1709 0.877583 0.782456 0.39753 0.260656 0.633355 0.574761 0.0655003 0.633352 0.574795 0.0655952
DRIFT 572 75 0
SET_BEAM_PHASE_ERROR 0
NCELLS 1 5 0.86 1.95687e+07 -18.647 75 0 0.260119 0.260145 -12.1757 12.1948 0.879877 0.783491 0.395814 0.26027 0.634853 0.57313 0.0676852 0.634851 0.573162 0.0677761
DRIFT 572 75 0
SET_BEAM_PHASE_ERROR 0
NCELLS 1 5 0.86 1.95921e+07 -17.747 75 0 0.260119 0.260145 -12.1993 12.2179 0.882109 0.784492 0.394154 0.259888 0.636304 0.571544 0.0697834 0.636301 0.571575 0.0698705
DRIFT 572 75 0
SET_BEAM_PHASE_ERROR 0
NCELLS 1 5 0.86 1.96147e+07 -16.876 75 0 0.260119 0.260145 -12.2222 12.2401 0.884282 0.78546 0.392547 0.259512 0.637708 0.570003 0.071799 0.637705 0.570033 0.0718826
DRIFT 665 75 0

;H_Beta #9
DRIFT 196.975 50 0
DIAG_POSITION 1308 0 0 0.5
adjust_steerer_by 1309
STEERER 0 0 0
QUAD 410 4.3573 50 0 0 0 0 0
DRIFT 300 50 0
DRIFT 300 50 0
adjust_steerer_bx 1309 
STEERER 0 0 0
QUAD 410 -4.33149 50 0 0 0 0 0
DRIFT 196.975 50 0
DRIFT 665 75 0
SET_BEAM_PHASE_ERROR 0
NCELLS 1 5 0.86 1.96365e+07 -16.031 75 0 0.260119 0.260145 -12.2443 12.2617 0.886397 0.786396 0.390992 0.259141 0.639068 0.568505 0.0737363 0.639065 0.568534 0.0738165
DRIFT 572 75 0
SET_BEAM_PHASE_ERROR 0
NCELLS 1 5 0.86 1.96577e+07 -15.213 75 0 0.260119 0.260145 -12.2657 12.2825 0.888455 0.787301 0.389486 0.258775 0.640385 0.567049 0.0755988 0.640382 0.567077 0.0756759
DRIFT 572 75 0
SET_BEAM_PHASE_ERROR 0
NCELLS 1 5 0.86 1.96781e+07 -14.42 75 0 0.260119 0.260145 -12.2863 12.3026 0.890459 0.788177 0.388028 0.258414 0.641661 0.565634 0.0773904 0.641658 0.565661 0.0774645
DRIFT 572 75 0
SET_BEAM_PHASE_ERROR 0
NCELLS 1 5 0.86 1.96979e+07 -13.651 75 0 0.260119 0.260145 -12.3063 12.3221 0.892411 0.789025 0.386615 0.25806 0.642898 0.564257 0.0791143 0.642895 0.564283 0.0791856
DRIFT 665 75 0

;H_Beta #10
DRIFT 196.975 50 0
DIAG_POSITION 1309 0 0 0.5
adjust_steerer_by 1310
STEERER 0 0 0
QUAD 410 4.28562 50 0 0 0 0 0
DRIFT 300 50 0
DRIFT 300 50 0
adjust_steerer_bx 1310 
STEERER 0 0 0
QUAD 410 -4.26099 50 0 0 0 0 0
DRIFT 196.975 50 0
DRIFT 665 75 0
SET_BEAM_PHASE_ERROR 0
NCELLS 1 5 0.86 1.97171e+07 -12.906 75 0 0.260119 0.260145 -12.3256 12.3409 0.894311 0.789846 0.385245 0.257711 0.644096 0.562919 0.0807739 0.644094 0.562944 0.0808425
DRIFT 572 75 0
SET_BEAM_PHASE_ERROR 0
NCELLS 1 5 0.86 1.97356e+07 -12.183 75 0 0.260119 0.260145 -12.3443 12.3592 0.896161 0.790641 0.383918 0.257368 0.645259 0.561617 0.0823721 0.645256 0.561642 0.0824383
DRIFT 572 75 0
SET_BEAM_PHASE_ERROR 0
NCELLS 1 5 0.86 1.97535e+07 -11.481 75 0 0.260119 0.260145 -12.3623 12.3768 0.897964 0.791411 0.382631 0.257031 0.646386 0.560351 0.083912 0.646383 0.560375 0.0839758
DRIFT 572 75 0
SET_BEAM_PHASE_ERROR 0
NCELLS 1 5 0.86 1.97709e+07 -10.8 75 0 0.260119 0.260145 -12.3798 12.3939 0.89972 0.792157 0.381383 0.256699 0.647479 0.559119 0.0853962 0.647477 0.559142 0.0854577
DRIFT 665 75 0

;H_Beta #11
DRIFT 196.975 50 0
DIAG_POSITION 1310 0 0 0.5
adjust_steerer_by 1311
STEERER 0 0 0
QUAD 410 4.21468 50 0 0 0 0 0
DRIFT 300 50 0
DRIFT 300 50 0
adjust_steerer_bx 1311
STEERER 0 0 0
QUAD 410 -4.19128 50 0 0 0 0 0
DRIFT 196.975 50 0
DRIFT 665 75 0
SET_BEAM_PHASE_ERROR 0
NCELLS 1 5 0.86 1.97878e+07 -10.139 75 0 0.260119 0.260145 -12.3968 12.4105 0.901431 0.792881 0.380172 0.256374 0.64854 0.55792 0.0868273 0.648538 0.557943 0.0868867
DRIFT 572 75 0
SET_BEAM_PHASE_ERROR 0
NCELLS 1 5 0.86 1.98041e+07 -9.498 75 0 0.260119 0.260145 -12.4132 12.4266 0.903098 0.793582 0.378997 0.256054 0.64957 0.556754 0.0882078 0.649568 0.556775 0.0882652
DRIFT 572 75 0
SET_BEAM_PHASE_ERROR 0
NCELLS 1 5 0.86 1.982e+07 -8.874 75 0 0.260119 0.260145 -12.4291 12.4421 0.904723 0.794262 0.377857 0.255741 0.65057 0.555618 0.08954 0.650568 0.555639 0.0895955
DRIFT 572 75 0
SET_BEAM_PHASE_ERROR 0
NCELLS 1 5 0.86 1.98353e+07 -8.269 75 0 0.260119 0.260145 -12.4446 12.4573 0.906307 0.794922 0.37675 0.255433 0.651541 0.554513 0.0908261 0.651539 0.554533 0.0908798
DRIFT 665 75 0

;H_Beta #12
DRIFT 196.975 50 0
DIAG_POSITION 1311 0 0 0.5
adjust_steerer_by 1312
STEERER 0 0 0
QUAD 410 4.14457 50 0 0 0 0 0
DRIFT 300 50 0
DRIFT 300 50 0
adjust_steerer_bx 1312
STEERER 0 0 0
QUAD 410 -4.12238 50 0 0 0 0 0
DRIFT 196.975 50 0
DRIFT 665 75 0
SET_BEAM_PHASE_ERROR 0
NCELLS 1 5 0.86 1.98503e+07 -7.681 75 0 0.260119 0.260145 -12.4595 12.4719 0.907852 0.795563 0.375674 0.255131 0.652485 0.553436 0.0920682 0.652482 0.553456 0.0921202
DRIFT 572 75 0
SET_BEAM_PHASE_ERROR 0
NCELLS 1 5 0.86 1.98647e+07 -7.109 75 0 0.260119 0.260145 -12.4741 12.4861 0.909358 0.796185 0.37463 0.254834 0.653401 0.552388 0.0932683 0.653399 0.552407 0.0933187
DRIFT 572 75 0
SET_BEAM_PHASE_ERROR 0
NCELLS 1 5 0.86 1.98788e+07 -6.553 75 0 0.260119 0.260145 -12.4882 12.4999 0.910827 0.796789 0.373615 0.254544 0.654292 0.551367 0.0944282 0.654289 0.551385 0.094477
DRIFT 572 75 0
SET_BEAM_PHASE_ERROR 0
NCELLS 1 5 0.86 1.98924e+07 -6.012 75 0 0.260119 0.260145 -12.5018 12.5134 0.91226 0.797375 0.372629 0.254258 0.655158 0.550372 0.0955496 0.655155 0.55039 0.095597
DRIFT 665 75 0

;H_Beta #13
DRIFT 196.975 50 0
DIAG_POSITION 1312 0 0 0.5
adjust_steerer_by 1313
STEERER 0 0 0
QUAD 410 4.07573 50 0 0 0 0 0
DRIFT 300 50 0
DRIFT 300 50 0
adjust_steerer_bx 1313
STEERER 0 0 0
QUAD 410 -4.05473 50 0 0 0 0 0
DRIFT 196.975 50 0
DRIFT 665 75 0
SET_BEAM_PHASE_ERROR 0
NCELLS 1 5 0.86 1.99057e+07 -5.487 75 0 0.260119 0.260145 -12.5151 12.5264 0.913658 0.797945 0.37167 0.253979 0.656 0.549402 0.0966344 0.655997 0.54942 0.0966804
DRIFT 572 75 0
SET_BEAM_PHASE_ERROR 0
NCELLS 1 5 0.86 1.99185e+07 -4.975 75 0 0.260119 0.260145 -12.528 12.539 0.915022 0.798499 0.370737 0.253704 0.656819 0.548457 0.097684 0.656816 0.548474 0.0977287
DRIFT 572 75 0
SET_BEAM_PHASE_ERROR 0
NCELLS 1 5 0.86 1.9931e+07 -4.477 75 0 0.260119 0.260145 -12.5405 12.5513 0.916353 0.799037 0.36983 0.253435 0.657616 0.547536 0.0987 0.657613 0.547553 0.0987434
DRIFT 572 75 0
SET_BEAM_PHASE_ERROR 0
NCELLS 1 5 0.86 1.99432e+07 -3.992 75 0 0.260119 0.260145 -12.5527 12.5633 0.917653 0.799561 0.368947 0.253171 0.658391 0.546637 0.0996838 0.658388 0.546654 0.099726
DRIFT 665 75 0

;H_Beta #14
DRIFT 196.975 50 0
DIAG_POSITION 1313 0 0 0.5
adjust_steerer_by 1314
STEERER 0 0 0
QUAD 410 4.00926 50 0 0 0 0 0
DRIFT 300 50 0
DRIFT 300 50 0
adjust_steerer_bx 1314
STEERER 0 0 0
QUAD 410 -3.98939 50 0 0 0 0 0
DRIFT 196.975 50 0
DRIFT 665 75 0
SET_BEAM_PHASE_ERROR 0
NCELLS 1 5 0.86 1.9955e+07 -3.52 75 0 0.260119 0.260145 -12.5646 12.5749 0.918922 0.80007 0.368088 0.252912 0.659146 0.545761 0.100637 0.659143 0.545777 0.100678
DRIFT 572 75 0
SET_BEAM_PHASE_ERROR 0
NCELLS 1 5 0.86 1.99665e+07 -3.061 75 0 0.260119 0.260145 -12.5761 12.5862 0.920161 0.800565 0.367252 0.252659 0.659881 0.544907 0.10156 0.659878 0.544923 0.1016
DRIFT 572 75 0
SET_BEAM_PHASE_ERROR 0
NCELLS 1 5 0.86 1.99777e+07 -2.613 75 0 0.260119 0.260145 -12.5873 12.5972 0.921371 0.801048 0.366438 0.25241 0.660596 0.544073 0.102455 0.660594 0.544089 0.102494
DRIFT 572 75 0
SET_BEAM_PHASE_ERROR 0
NCELLS 1 5 0.86 1.99886e+07 -2.177 75 0 0.260119 0.260145 -12.5982 12.6079 0.922553 0.801517 0.365646 0.252166 0.661293 0.54326 0.103323 0.661291 0.543275 0.103361
DRIFT 665 75 0

;H_Beta #15
DRIFT 196.975 50 0
DIAG_POSITION 1314 0 0 0.5
adjust_steerer_by 1315
STEERER 0 0 0
QUAD 410 3.94492 50 0 0 0 0 0
DRIFT 300 50 0
DRIFT 300 50 0
adjust_steerer_bx 1315 
STEERER 0 0 0
QUAD 410 -3.92613 50 0 0 0 0 0
DRIFT 196.975 50 0
DRIFT 665 75 0
SET_BEAM_PHASE_ERROR 0
NCELLS 1 5 0.86 1.99992e+07 -1.752 75 0 0.260119 0.260145 -12.6088 12.6183 0.923708 0.801974 0.364873 0.251927 0.661973 0.542466 0.104165 0.66197 0.542481 0.104202
DRIFT 572 75 0
SET_BEAM_PHASE_ERROR 0
NCELLS 1 5 0.86 2.00095e+07 -1.337 75 0 0.260119 0.260145 -12.6191 12.6285 0.924837 0.802419 0.364121 0.251692 0.662634 0.541691 0.104982 0.662632 0.541705 0.105018
DRIFT 572 75 0
SET_BEAM_PHASE_ERROR 0
NCELLS 1 5 0.86 2.00196e+07 -0.933 75 0 0.260119 0.260145 -12.6291 12.6384 0.92594 0.802852 0.363387 0.251462 0.66328 0.540934 0.105775 0.663277 0.540948 0.10581
DRIFT 572 75 0
SET_BEAM_PHASE_ERROR 0
NCELLS 1 5 0.86 2.00294e+07 -0.539 75 0 0.260119 0.260145 -12.6389 12.648 0.927018 0.803275 0.362672 0.251236 0.663909 0.540195 0.106544 0.663906 0.540209 0.106578
DRIFT 665 75 0

;H_Beta #16
DRIFT 196.975 50 0
DIAG_POSITION 1315 0 0 0.5
adjust_steerer_by 1316
STEERER 0 0 0
QUAD 410 3.88326 50 0 0 0 0 0
DRIFT 300 50 0
DRIFT 300 50 0
adjust_steerer_bx 1316
STEERER 0 0 0
QUAD 410 -3.86547 50 0 0 0 0 0
DRIFT 196.975 50 0
DRIFT 665 75 0
SET_BEAM_PHASE_ERROR 0
NCELLS 1 5 0.86 2.00389e+07 -0.155 75 0 0.260119 0.260145 -12.6485 12.6574 0.928072 0.803687 0.361975 0.251015 0.664522 0.539474 0.107292 0.66452 0.539487 0.107325
DRIFT 572 75 0
SET_BEAM_PHASE_ERROR 0
NCELLS 1 5 0.86 2.00482e+07 0.220375 75 0 0.260119 0.260145 -12.6577 12.6665 0.929102 0.804088 0.361295 0.250798 0.665121 0.538769 0.108018 0.665118 0.538782 0.108051
DRIFT 572 75 0
SET_BEAM_PHASE_ERROR 0
NCELLS 1 5 0.86 2.00573e+07 0.586417 75 0 0.260119 0.260145 -12.6668 12.6754 0.93011 0.804479 0.360632 0.250585 0.665704 0.53808 0.108724 0.665702 0.538093 0.108756
DRIFT 572 75 0
SET_BEAM_PHASE_ERROR 0
NCELLS 1 5 0.86 2.00661e+07 0.943712 75 0 0.260119 0.260145 -12.6756 12.6841 0.931096 0.804861 0.359985 0.250376 0.666274 0.537407 0.10941 0.666272 0.53742 0.109441
DRIFT 665 75 0

;H_Beta #17
DRIFT 196.975 50 0
DIAG_POSITION 1316 0 0 0.5
adjust_steerer_by 1317
STEERER 0 0 0
QUAD 410 3.82467 50 0 0 0 0 0
DRIFT 300 50 0
DRIFT 300 50 0
adjust_steerer_bx 1317
STEERER 0 0 0
QUAD 410 -3.80781 50 0 0 0 0 0
DRIFT 196.975 50 0
DRIFT 665 75 0
SET_BEAM_PHASE_ERROR 0
NCELLS 1 5 0.86 2.00747e+07 1.29254 75 0 0.260119 0.260145 -12.6842 12.6926 0.932061 0.805234 0.359354 0.250172 0.66683 0.536749 0.110077 0.666828 0.536762 0.110107
DRIFT 572 75 0
SET_BEAM_PHASE_ERROR 0
NCELLS 1 5 0.86 2.00831e+07 1.63318 75 0 0.260119 0.260145 -12.6926 12.7008 0.933005 0.805597 0.358737 0.249971 0.667373 0.536106 0.110726 0.667371 0.536119 0.110756
DRIFT 572 75 0
SET_BEAM_PHASE_ERROR 0
NCELLS 1 5 0.86 2.00913e+07 1.96588 75 0 0.260119 0.260145 -12.7008 12.7089 0.933928 0.805952 0.358135 0.249774 0.667903 0.535477 0.111357 0.667901 0.53549 0.111386
DRIFT 572 75 0
SET_BEAM_PHASE_ERROR 0
NCELLS 1 5 0.86 2.00993e+07 2.2909 75 0 0.260119 0.260145 -12.7088 12.7168 0.934832 0.806298 0.357547 0.24958 0.668421 0.534862 0.111971 0.668418 0.534875 0.112
DRIFT 665 75 0

;H_Beta #18
DRIFT 196.975 50 0
DIAG_POSITION 1317 0 0 0.5
adjust_steerer_by 1318
STEERER 0 0 0
QUAD 410 3.76704 50 0 0 0 0 0
DRIFT 300 50 0
DRIFT 300 50 0
adjust_steerer_bx 1318
STEERER 0 0 0
QUAD 410 -3.75105 50 0 0 0 0 0
DRIFT 196.975 50 0
DRIFT 665 75 0
SET_BEAM_PHASE_ERROR 0
NCELLS 1 5 0.86 2.01072e+07 2.60848 75 0 0.260119 0.260145 -12.7166 12.7245 0.935717 0.806636 0.356973 0.249391 0.668927 0.534261 0.112569 0.668924 0.534273 0.112597
DRIFT 572 75 0
SET_BEAM_PHASE_ERROR 0
NCELLS 1 5 0.86 2.01148e+07 2.91885 75 0 0.260119 0.260145 -12.7242 12.732 0.936584 0.806966 0.356412 0.249205 0.669421 0.533673 0.113151 0.669418 0.533685 0.113179
DRIFT 572 75 0
SET_BEAM_PHASE_ERROR 0
NCELLS 1 5 0.86 2.01223e+07 3.22222 75 0 0.260119 0.260145 -12.7317 12.7393 0.937432 0.807288 0.355864 0.249022 0.669904 0.533097 0.113718 0.669901 0.533109 0.113745
DRIFT 572 75 0
SET_BEAM_PHASE_ERROR 0
NCELLS 1 5 0.86 2.01295e+07 3.51882 75 0 0.260119 0.260145 -12.7389 12.7465 0.938263 0.807604 0.355329 0.248843 0.670376 0.532534 0.114271 0.670374 0.532545 0.114297
DRIFT 665 75 0

;H_Beta #19
DRIFT 196.975 50 0
DIAG_POSITION 1318 0 0 0.5
adjust_steerer_by 1319
STEERER 0 0 0
QUAD 410 3.71245 50 0 0 0 0 0
DRIFT 300 50 0
DRIFT 300 50 0
adjust_steerer_bx 1319
STEERER 0 0 0
QUAD 410 -3.69727 50 0 0 0 0 0
DRIFT 196.975 50 0
DRIFT 665 75 0
SET_BEAM_PHASE_ERROR 0
NCELLS 1 5 0.86 2.01366e+07 3.80885 75 0 0.260119 0.260145 -12.746 12.7535 0.939077 0.807911 0.354805 0.248667 0.670838 0.531982 0.114809 0.670835 0.531994 0.114835
DRIFT 572 75 0
SET_BEAM_PHASE_ERROR 0
NCELLS 1 5 0.86 2.01436e+07 4.09251 75 0 0.260119 0.260145 -12.753 12.7603 0.939874 0.808212 0.354293 0.248494 0.671289 0.531443 0.115334 0.671286 0.531454 0.115359
DRIFT 572 75 0
SET_BEAM_PHASE_ERROR 0
NCELLS 1 5 0.86 2.01504e+07 4.36998 75 0 0.260119 0.260145 -12.7597 12.767 0.940655 0.808506 0.353793 0.248325 0.67173 0.530915 0.115845 0.671728 0.530926 0.11587
DRIFT 572 75 0
SET_BEAM_PHASE_ERROR 0
NCELLS 1 5 0.86 2.0157e+07 4.64146 75 0 0.260119 0.260145 -12.7664 12.7735 0.941421 0.808794 0.353303 0.248158 0.672162 0.530397 0.116344 0.672159 0.530408 0.116369
DRIFT 665 75 0

;H_Beta #20
DRIFT 196.975 50 0
DIAG_POSITION 1319 0 0 0.5
adjust_steerer_by 1320
STEERER 0 0 0
QUAD 410 3.65952 50 0 0 0 0 0
DRIFT 300 50 0
DRIFT 300 50 0
adjust_steerer_bx 1320
STEERER 0 0 0
QUAD 410 -3.6451 50 0 0 0 0 0
DRIFT 196.975 50 0
DRIFT 665 75 0
SET_BEAM_PHASE_ERROR 0
NCELLS 1 5 0.86 2.01635e+07 4.90711 75 0 0.260119 0.260145 -12.7728 12.7799 0.942171 0.809075 0.352824 0.247995 0.672584 0.529891 0.116831 0.672582 0.529902 0.116855
DRIFT 572 75 0
SET_BEAM_PHASE_ERROR 0
NCELLS 1 5 0.86 2.01699e+07 5.16711 75 0 0.260119 0.260145 -12.7792 12.7862 0.942907 0.80935 0.352356 0.247835 0.672998 0.529394 0.117305 0.672995 0.529405 0.117329
DRIFT 572 75 0
SET_BEAM_PHASE_ERROR 0
NCELLS 1 5 0.86 2.01761e+07 5.42162 75 0 0.260119 0.260145 -12.7854 12.7923 0.943628 0.80962 0.351897 0.247677 0.673402 0.528908 0.117769 0.6734 0.528919 0.117792
DRIFT 572 75 0
SET_BEAM_PHASE_ERROR 0
NCELLS 1 5 0.86 2.01822e+07 5.6708 75 0 0.260119 0.260145 -12.7914 12.7983 0.944335 0.809883 0.351448 0.247522 0.673798 0.528432 0.118221 0.673796 0.528443 0.118244
DRIFT 665 75 0

;H_Beta #21
DRIFT 196.975 50 0
DIAG_POSITION 1320 0 0 0.5
adjust_steerer_by 1321
STEERER 0 0 0
QUAD 410 3.60903 50 0 0 0 0 0
DRIFT 300 50 0
DRIFT 300 50 0
adjust_steerer_bx 1321
STEERER 0 0 0
QUAD 410 -3.5953 50 0 0 0 0 0
DRIFT 196.975 50 0
DRIFT 665 75 0
SET_BEAM_PHASE_ERROR 0
NCELLS 1 5 0.86 2.01881e+07 5.9148 75 0 0.260119 0.260145 -12.7974 12.8041 0.945028 0.810141 0.351009 0.24737 0.674186 0.527965 0.118662 0.674183 0.527976 0.118685
DRIFT 572 75 0
SET_BEAM_PHASE_ERROR 0
NCELLS 1 5 0.86 2.01939e+07 6.15378 75 0 0.260119 0.260145 -12.8032 12.8098 0.945708 0.810393 0.350579 0.247221 0.674565 0.527508 0.119093 0.674563 0.527518 0.119115
DRIFT 572 75 0
SET_BEAM_PHASE_ERROR 0
NCELLS 1 5 0.86 2.01996e+07 6.38786 75 0 0.260119 0.260145 -12.8088 12.8154 0.946375 0.81064 0.350158 0.247075 0.674937 0.527059 0.119514 0.674934 0.52707 0.119536
DRIFT 572 75 0
SET_BEAM_PHASE_ERROR 0
NCELLS 1 5 0.86 2.02052e+07 6.61718 75 0 0.260119 0.260145 -12.8144 12.8209 0.947029 0.810882 0.349745 0.246931 0.675301 0.52662 0.119925 0.675299 0.52663 0.119947
plot_dst   ;Plot the data El. #865
DRIFT 665 75 0

;END

;------- HEBT raster27
;BEGIN_BEAMLINE hebt

;ERROR_BEAM_DYN 0 0 0 0 0 0 -100
; From Mamad:
;ERROR_BEAM_STAT 1 0.2 0.2 0 0.5 0.5 -5 0 0 0 0 0 0 0 0 0 0 0 0 0 0 0 0 0 0 0
;ERROR_BEAM_STAT 1 0.2 0.2 0 1 1 0 0 0 0 20 20 20 0 0 0 0 0 0 0 0 0 0 0 0 0
ERROR_QUAD_NCPL_STAT 1000 1 0.2 0.2 0 0 0.06 0.5 0
ERROR_BEND_NCPL_STAT 1000 1 0.2 0.2 0 0 0.06 0.05 0
;ERROR_BEND_CPL_STAT 1000 1 0.2 0.2 0 0 0.06 0.05
;ERROR_BEND_CPL_STAT 1000 1 0.02 0.02 0 0 0 0 0
;
;ERROR_BEAM_DYN 1 0.1 0.1 0 0.01 0.01 4 0 0 0 2 2 2 0 0 0 0 0 0 0 0 0 0 0 0 0
;ERROR_QUAD_NCPL_DYN 1000 1 0.01 0.01 0 0 0.006 0.02 0
;ERROR_BEND_CPL_DYN 1000 1 0.01 0.01 0 0 0.006 0.01
;
LATTICE 6 1

DRIFT 256.2 50 0
DIAG_POSITION 1321 0 0 0.5
ADJUST_STEERER_BY 12001 
STEERER 0 0 0
;ADJUST 11011 2 1
;MATCH_FAM_GRAD 11011 1
QUAD 410 4.70545 50 0 0 0 0 0
DRIFT 600 50 0
ADJUST_STEERER_BX 12001 
STEERER 0 0 0
;ADJUST 11011 2 -1
;MATCH_FAM_GRAD 11011 1
QUAD 410 -4.70545 50 0 0 0 0 0
DRIFT 256.2 50 0
DRIFT 6587.6 50 0
;
;
DRIFT 256.2 50 0
ADJUST_STEERER_BY 12002 
STEERER 0 0 0
;ADJUST 11011 2 2
;MATCH_FAM_GRAD 11011 2
QUAD 410 3.96079 50 0 0 0 0 0
DIAG_POSITION 12001 0 0 0.5
DRIFT 600 50 0
ADJUST_STEERER_BX 12002 
STEERER 0 0 0
;ADJUST 11011 2 -2
;MATCH_FAM_GRAD 11011 2
QUAD 410 -3.96079 50 0 0 0 0 0
DRIFT 256.2 50 0
DRIFT 6587.6 50 0
;
;
DRIFT 256.2 50 0
ADJUST_STEERER_BY 12003
STEERER 0 0 0
;ADJUST 11011 2 3
;MATCH_FAM_GRAD 11011 3
QUAD 410 3.5276 50 0 0 0 0 0
DIAG_POSITION 12002 0 0 0.5
DRIFT 600 50 0
ADJUST_STEERER_BX 12003
STEERER 0 0 0
;ADJUST 11011 2 -3
;MATCH_FAM_GRAD 11011 3
QUAD 410 -3.5276 50 0 0 0 0 0
DRIFT 256.2 50 0
DRIFT 6587.6 50 0
;
;
DRIFT 256.2 50 0
ADJUST_STEERER_BY 12004
STEERER 0 0 0
;ADJUST 11011 2 4
;MATCH_FAM_GRAD 11011 4
QUAD 410 3.82791 50 0 0 0 0 0
DIAG_POSITION 12003 0 0 0.5
DRIFT 600 50 0
ADJUST_STEERER_BX 12004
STEERER 0 0 0
;ADJUST 11011 2 -4
;MATCH_FAM_GRAD 11011 4
QUAD 410 -3.82791 50 0 0 0 0 0
DRIFT 256.2 50 0
DRIFT 6587.6 50 0
;
;
;
;DIAG_TWISS 11011 -0.8318 27.7059 0.2495 18.1343
;
;LATTICE 6 1
;SET_ADV 30 30
;REPEAT_ELE 6 6
;
DRIFT 256.2 50 0
ADJUST_STEERER_BY 12005
STEERER 0 0 0
QUAD 410 4.62783 50 0 0 0 0 0
DIAG_POSITION 12004 0 0 -0.1
DRIFT 600 50 0
ADJUST_STEERER_BX 12005
STEERER 0 0 0
QUAD 410 -4.62783 50 0 0 0 0 0
DRIFT 256.2 50 0
DRIFT 6587.6 50 0
;
DRIFT 256.2 50 0
ADJUST_STEERER_BY 12006
STEERER 0 0 0
QUAD 410 4.62783 50 0 0 0 0 0
DIAG_POSITION 12005 0 0 0.5
DRIFT 600 50 0
ADJUST_STEERER_BX 12006
STEERER 0 0 0
QUAD 410 -4.62783 50 0 0 0 0 0
DRIFT 256.2 50 0
DRIFT 6587.6 50 0
;
DRIFT 256.2 50 0
ADJUST_STEERER_BY 12007
STEERER 0 0 0
QUAD 410 4.62783 50 0 0 0 0 0
DIAG_POSITION 12006 0 0 0.5
DRIFT 600 50 0
ADJUST_STEERER_BX 12007
STEERER 0 0 0
QUAD 410 -4.62783 50 0 0 0 0 0
DRIFT 256.2 50 0
DRIFT 6587.6 50 0
;
DRIFT 256.2 50 0
ADJUST_STEERER_BY 12008
STEERER 0 0 0
QUAD 410 4.62783 50 0 0 0 0 0
DIAG_POSITION 12007 0 0 0.5
DRIFT 600 50 0
ADJUST_STEERER_BX 12008
STEERER 0 0 0
QUAD 410 -4.62783 50 0 0 0 0 0
DRIFT 256.2 50 0
DRIFT 6587.6 50 0
;
DRIFT 256.2 50 0
ADJUST_STEERER_BY 12009
STEERER 0 0 0
QUAD 410 4.62783 50 0 0 0 0 0
DIAG_POSITION 12008 0 0 0.5
DRIFT 600 50 0
ADJUST_STEERER_BX 12009
STEERER 0 0 0
QUAD 410 -4.62783 50 0 0 0 0 0
DRIFT 256.2 50 0
DRIFT 6587.6 50 0
;
DRIFT 256.2 50 0
ADJUST_STEERER_BY 12010
STEERER 0 0 0
QUAD 410 4.62783 50 0 0 0 0 0
DIAG_POSITION 12009 0 0 0.5
DRIFT 600 50 0
ADJUST_STEERER_BX 12010
STEERER 0 0 0
QUAD 410 -4.62783 50 0 0 0 0 0
DRIFT 256.2 50 0
DRIFT 6587.6 50 0
;
;SET_ADV 30 30
;REPEAT_ELE 4 6
;
DRIFT 256.2 50 0
ADJUST_STEERER_BY 12011
STEERER 0 0 0
QUAD 410 4.62783 50 0 0 0 0 0
DIAG_POSITION 12010 0 0 0.5
DRIFT 600 50 0
ADJUST_STEERER_BX 12011
STEERER 0 0 0
QUAD 410 -4.62783 50 0 0 0 0 0
DRIFT 256.2 50 0
DRIFT 6587.6 50 0
;
DRIFT 256.2 50 0
ADJUST_STEERER_BY 12012
STEERER 0 0 0
QUAD 410 4.78812 50 0 0 0 0 0
DIAG_POSITION 12011 0 0 0.5
DRIFT 600 50 0
ADJUST_STEERER_BX 12012
STEERER 0 0 0
QUAD 410 -4.93169 50 0 0 0 0 0
DRIFT 256.2 50 0
DRIFT 6587.6 50 0
;
DRIFT 256.2 50 0
ADJUST_STEERER_BY 12013
STEERER 0 0 0
QUAD 410 4.97656 50 0 0 0 0 0
DIAG_POSITION 12012 0 0 0.5
DRIFT 600 50 0
ADJUST_STEERER_BX 12013
STEERER 0 0 0
QUAD 410 -5.27487 50 0 0 0 0 0
DRIFT 256.2 50 0
DRIFT 6587.6 50 0
;
DRIFT 256.2 50 0
ADJUST_STEERER_BY 12014
STEERER 0 0 0
QUAD 410 5.18695 50 0 0 0 0 0
DIAG_POSITION 12013 0 0 0.5
DRIFT 600 50 0
ADJUST_STEERER_BX 12014
STEERER 0 0 0
QUAD 410 -5.65051 50 0 0 0 0 0
DRIFT 256.2 50 0
DRIFT 6587.6 50 0
;
;
;SET_ADV 30 47.5
;SET_ADV 23.8 47.5
;SET_ADV 20 47.5
;
DRIFT 256.2 50 0
ADJUST_STEERER_BY 12015
STEERER 0 0 0
QUAD 410 5.41363 50 0 0 0 0 0
DIAG_POSITION 12014 0 0 0.5
DRIFT 600 50 0
ADJUST_STEERER_BX 12015
STEERER 0 0 0
QUAD 410 -6.05208 50 0 0 0 0 0
DRIFT 256.2 50 0
DRIFT 6587.6 50 0
LATTICE_END
;
;
DRIFT 256.2 50 0
ADJUST_STEERER_BY 22000
STEERER 0 0 0
;ADJUST 21000 2 1
;MATCH_FAM_GRAD 21000 1
QUAD 410 6.35671 50 0 0 0 0 0
DIAG_POSITION 12015 0 0 0.5
DRIFT 600 50 0
ADJUST_STEERER_BX 22000
STEERER 0 0 0
;ADJUST 21000 2 2
;MATCH_FAM_GRAD 21000 2
QUAD 410 -7.01991 50 0 0 0 0 0
DRIFT 256.2 50 0
;
DRIFT 720.3 50 0
PLOT_DST
DRIFT 1e-08 50 0

;
DIAG_POSITION 22000 0 0 0.5
START_ACHROMAT
;Begin_dipolemagnet_slot
;ADJUST 22000 1 1 -0.009 0.009
;THIN_STEERING 0 0 50 0
EDGE 2 25783.1 100 0.45 2.8 50 1
BEND -4 25783.1 0 50 1
EDGE 2 25783.1 100 0.45 2.8 50 1
;ADJUST 22000 1 1 -0.009 0.009
;THIN_STEERING 0 0 50 0
;end_dipolemagnet_slot
DRIFT 6298.87 50 0
;
;REPEAT_ELE 5 6
;
DRIFT 256.2 50 0
ADJUST_STEERER_BY 22001
STEERER 0 0 0
;ADJUST 21000 2 3
;MATCH_FAM_GRAD 21000 1
QUAD 410 6.06542 50 0 0 0 0 0
DIAG_POSITION 22000 0 0 0.5
DRIFT 600 50 0
;DIAG_DSIZE2 21000 0 0 1
ADJUST_STEERER_BX 22001
STEERER 0 0 0
;ADJUST 21000 2 4
;MATCH_FAM_GRAD 21000 2
QUAD 410 -6.76785 50 0 0 0 0 0
DRIFT 256.2 50 0
DRIFT 8819.17 50 0
;
DRIFT 256.2 50 0
ADJUST_STEERER_BY 22002
STEERER 0 0 0
;ADJUST 21000 2 3
;MATCH_FAM_GRAD 21000 1
QUAD 410 6.06542 50 0 0 0 0 0
DIAG_POSITION 22001 0 0 0.5
DRIFT 600 50 0
;DIAG_DSIZE2 21000 0 0 1
ADJUST_STEERER_BX 22002
STEERER 0 0 0
;ADJUST 21000 2 4
;MATCH_FAM_GRAD 21000 2
QUAD 410 -6.76785 50 0 0 0 0 0
DRIFT 256.2 50 0
DRIFT 8819.17 50 0
;
DRIFT 256.2 50 0
ADJUST_STEERER_BY 22003
STEERER 0 0 0
;ADJUST 21000 2 3
;MATCH_FAM_GRAD 21000 1
QUAD 410 6.06542 50 0 0 0 0 0
DIAG_POSITION 22002 0 0 0.5
DRIFT 600 50 0
;DIAG_DSIZE2 21000 0 0 1
ADJUST_STEERER_BX 22003
STEERER 0 0 0
;ADJUST 21000 2 4
;MATCH_FAM_GRAD 21000 2
QUAD 410 -6.76785 50 0 0 0 0 0
DRIFT 256.2 50 0
DRIFT 8819.17 50 0
;
DRIFT 256.2 50 0
ADJUST_STEERER_BY 22004
STEERER 0 0 0
;ADJUST 21000 2 3
;MATCH_FAM_GRAD 21000 1
QUAD 410 6.06542 50 0 0 0 0 0
DIAG_POSITION 22003 0 0 0.5
DRIFT 600 50 0
;DIAG_DSIZE2 21000 0 0 1
ADJUST_STEERER_BX 22004
STEERER 0 0 0
;ADJUST 21000 2 4
;MATCH_FAM_GRAD 21000 2
QUAD 410 -6.76785 50 0 0 0 0 0
DRIFT 256.2 50 0
DRIFT 8819.17 50 0
;
DRIFT 256.2 50 0
ADJUST_STEERER_BY 22005
STEERER 0 0 0
;ADJUST 21000 2 3
;MATCH_FAM_GRAD 21000 1
QUAD 410 6.06542 50 0 0 0 0 0
DIAG_POSITION 22004 0 0 0.5
DRIFT 600 50 0
;DIAG_DSIZE2 21000 0 0 1
ADJUST_STEERER_BX 22005
STEERER 0 0 0
;ADJUST 21000 2 4
;MATCH_FAM_GRAD 21000 2
QUAD 410 -6.76785 50 0 0 0 0 0
DRIFT 256.2 50 0
DRIFT 8819.17 50 0
;
DRIFT 256.2 50 0
ADJUST_STEERER_BY 22006
STEERER 0 0 0
;ADJUST 21000 2 1
;MATCH_FAM_GRAD 21000 1
QUAD 410 6.35671 50 0 0 0 0 0
DIAG_POSITION 22005 0 0 0.5
DRIFT 600 50 0
;DIAG_DSIZE2 21000 0 0 1
ADJUST_STEERER_BX 22006
STEERER 0 0 0
;ADJUST 21000 2 2
;MATCH_FAM_GRAD 21000 2
QUAD 410 -7.01991 50 0 0 0 0 0
DRIFT 256.2 50 0
;
DRIFT 720.3 50 0

;
DIAG_POSITION 22006 0 0 0.5
;Begin_dipolemagnet_slot
;ADJUST 22099 1 1 -0.009 0.009
;THIN_STEERING 0 0 50 0
EDGE 2 25783.1 100 0.45 2.8 50 1
BEND 4 25783.1 0 50 1
EDGE 2 25783.1 100 0.45 2.8 50 1
;ADJUST 22099 1 1 -0.009 0.009
;THIN_STEERING 0 0 50 0
;end_dipolemagnet_slot
PLOT_DST
DRIFT 1e-08 60 0
SET_ACHROMAT 100 1 1
;SET_TWISS 21000

;;;;;;;;;;;;;;;;;;;;;;;;;;;;;;;;;;;;;;;;;;;;;;;;;;;;;;;
; A2T
;;;;;;;;;;;;;;;;;;;;;;;;;;;;;;;;;;;;;;;;;;;;;;;;;;;;;;;;;
DRIFT 500 60 0
;DIAG_DSIZE2 21000 0 0
DRIFT 250 60 0
;DIAG_CURRENT 33002 50
DRIFT 225 60 0
;
;Begin_steerer_slot
DRIFT 150 60 0
ADJUST 30011 1 11 -0.015 0.015
ADJUST 30011 2 12 -0.015 0.015
;
ADJUST 32011 1 11 -0.015 0.015
ADJUST 32011 2 12 -0.015 0.015
THIN_STEERING 1.84866e-31 3.85186e-34 60 0
DRIFT 150 60 0
;end_steerer_slot
;
DRIFT 125 60 0
;;
;DIAG_ACHROMAT(100) 21000 110 1 1
;DIAG_POSITION 22099 0 0 0.5
DRIFT 100 60 0
;ADJUST 31012 2 0 0.01 12 0.1
ADJUST 31012 2 0 -10 -0.01 0.1
ADJUST 35002 2 0 -10 -0.01 0.1
QUAD 800 -2.93313 60 0 0 0 0 0
DRIFT 600 60 0
;ADJUST 31012 2 0 -12 -0.01 0.1
ADJUST 31012 2 0 0.01 10 0.1
ADJUST 35002 2 0 0.01 12 0.1
QUAD 800 0.248983 60 0 0 0 0 0
;
DRIFT 925 60 0
;;
;Begin_steerer_slot
DRIFT 150 60 0
ADJUST 30011 1 13 -0.015 0.015
ADJUST 30011 2 14 -0.015 0.015
;
ADJUST 32011 1 13 -0.015 0.015
ADJUST 32011 2 14 -0.015 0.015
THIN_STEERING 4.2269e-16 3.75644e-18 60 0
DRIFT 150 60 0
;end_steerer_slot
;
DRIFT 175 60 0
DIAG_POSITION 30011 0 0 0.5
DIAG_POSITION 32011 0 0 0.5
DRIFT 1300 60 0
;;;;;;;;;;;;;;;;;;;;;;;;;;;;
;
ADJUST 31012 2 0 0.01 10 0.1
;ADJUST 31012 2 0 -12 -0.01 0.1
ADJUST 35002 2 0 0.01 10 0.1
QUAD 800 6.3253 60 0 0 0 0 0
DRIFT 100 60 0
DIAG_POSITION 30011 0 0 0.5
DIAG_POSITION 32011 0 0 0.5
DIAG_ACHROMAT(100) 21000 110 1 1
DRIFT 500 60 0
ADJUST 31012 2 0 -10 -0.01 0.1
;ADJUST 31012 2 0 0.01 12 0.1
ADJUST 35002 2 0 -10 -0.01 0.1
QUAD 800 -8.17476 60 0 0 0 0 0
;
;
DRIFT 600 60 0
;
;;;;;;;;;;;;;;;;;;;;;;;;;;;;;;;;;;;;;;;;;;;;;;;;;;;;;;;;;;;;;;;;;;;;;;;;
;; DC XY steerer: calibration
;;;;;;;;;;;;;;;;;;;;;;;;;;;;;;;;;;;;;;;;;;;;;;;;;;;;;;;;;;;;;;;;;;;;;;;;
;Begin_steerer_slot
DRIFT 150 60 0
ADJUST 30012 1 11 -0.015 0.015 0.001
ADJUST 30012 2 12 -0.015 0.015 0.001
;
ADJUST 32012 1 11 -0.015 0.015 0.001
ADJUST 32012 2 12 -0.015 0.015 0.001
THIN_STEERING 0 0 60 0
DRIFT 150 60 0
;end_steerer_slot
;
DRIFT 500 60 0
;;;;;;;;;;;;;;;;;;;;;;;;;;;;;;;;;;;;;;;;;;;;;;;;;;;;;;;;;;;;;;;;;;;;;;;;
;; RASTER SYSTEM - XXYY YYXX
;;;;;;;;;;;;;;;;;;;;;;;;;;;;;;;;;;;;;;;;;;;;;;;;;;;;;;;;;;;;;;;;;;;;;;;;
;Begin_rastermagnet_slot
DRIFT 150 40 0
ADJUST 32021 2 10 -0.015 0
THIN_STEERING 0 0 40 0
DRIFT 150 40 0
;end_rastermagnet_slot
;
DRIFT 180 40 0
;
;Begin_rastermagnet_slot
DRIFT 150 40 0
ADJUST 32021 2 10 -0.015 0
THIN_STEERING 0 0 40 0
DRIFT 150 40 0
;end_rastermagnet_slot
;
DRIFT 220 40 0
;
;Begin_rastermagnet_slot
DRIFT 150 40 0
ADJUST 32021 1 11 0 0.015
THIN_STEERING 0 0 40 0
DRIFT 150 40 0
;end_rastermagnet_slot
;
DRIFT 180 40 0
;
;Begin_rastermagnet_slot
DRIFT 150 40 0
ADJUST 32021 1 11 0 0.015
THIN_STEERING 0 0 40 0
DRIFT 150 40 0
;end_rastermagnet_slot
;
DRIFT 250 40 0
;;;;;;;;;;;;;;;;;;;;;;;;;;;;;;;;;;;;;;;;;;;;;;;;;;;;;;;;;;;;;;;;;;;;;;;;
;; ACTION CENTER, Element 88
;;;;;;;;;;;;;;;;;;;;;;;;;;;;;;;;;;;;;;;;;;;;;;;;;;;;;;;;;;;;;;;;;;;;;;;;
;DIAG_SIZE 35000 1.2397 0.3191 0 0.1
;DIAG_WAIST 35100 1 1 -2
DRIFT 250 40 0
;
;Begin_rastermagnet_slot
DRIFT 150 40 0
ADJUST 32021 1 11 0 0.015
THIN_STEERING 0 0 40 0
DRIFT 150 40 0
;end_rastermagnet_slot
;
DRIFT 180 40 0
;
;Begin_rastermagnet_slot
DRIFT 150 40 0
ADJUST 32021 1 11 0 0.015
THIN_STEERING 0 0 40 0
DRIFT 150 40 0
;end_rastermagnet_slot
;
DRIFT 220 40 0
;
;Begin_rastermagnet_slot
DRIFT 150 40 0
ADJUST 32021 2 10 -0.015 0
THIN_STEERING 0 0 40 0
DRIFT 150 40 0
;end_rastermagnet_slot
;
DRIFT 180 40 0
;
;Begin_rastermagnet_slot
DRIFT 150 40 0
ADJUST 32021 2 10 -0.015 0
THIN_STEERING 0 0 40 0
DRIFT 150 40 0
;end_rastermagnet_slot
;

DRIFT 500 60 0
;;;;;;;;;;;;;;;;;;;;;;;;;;;;;;;;;;;;;;;;;;;;;;;;;;;;;;;;;;;;;;;;;;;;;;;;
;; DC XY steerer: calibration
;;;;;;;;;;;;;;;;;;;;;;;;;;;;;;;;;;;;;;;;;;;;;;;;;;;;;;;;;;;;;;;;;;;;;;;;
;Begin_steerer_slot
DRIFT 150 60 0
ADJUST 30012 1 13 -0.015 0.015 0.001
ADJUST 30012 2 14 -0.015 0.015 0.001
;
ADJUST 32012 1 13 -0.015 0.015 0.001
ADJUST 32012 2 14 -0.015 0.015 0.001
THIN_STEERING 0 0 60 0
DRIFT 150 60 0
;end_steerer_slot
DRIFT 500 60 0
;
;
DRIFT 2916.63 60 0
;
DRIFT 500 60 0
DRIFT 600 60 0
ADJUST 31011 2 0 -10 0 0.1
QUAD 800 -7.22623 60 0 0 0 0 0
;
DRIFT 550 60 0
;
ADJUST 31011 2 0 0 10 0.1
QUAD 800 8.58892 60 0 0 0 0 0
;QUAD 1000 6.909 80
;BEAM_ROT 0 0 0 0.5 0.5 0.05 0.05
DRIFT 100 60 0
DIAG_POSITION 30012 0 0 0.5
DIAG_POSITION 32012 0 0 0.5
DRIFT 1300 60 0 ; 1400
;DIAG_SIZE 39999 0 0 0.5
DRIFT 700 60 0

;;;;;;;;;;;;;;;;;;;;;;;;;;;;;;;;;;;;;;;;;;;;;;;;;;;;;;;;;
; NEUTRON BACKSHINE SHIELD
;;;;;;;;;;;;;;;;;;;;;;;;;;;;;;;;;;;;;;;;;;;;;;;;;;;;;;;;;
;DIAG_POSITION 39999 0 0 0.5
DIAG_POSITION 30012 0 0 0.5
DIAG_POSITION 32012 0 0 0.5
DRIFT 1000 20 0
PLOT_DST
;DIAG_SET_MATRIX 31011 224 1 2 10
;DIAG_SET_MATRIX 31011 224 3 4 10
;DIAG_WAIST 31012 1 1 0.5
;DIAG_SIZE 31012 0.2 0.2 -0.1
DRIFT 1000 20 0
;
;;;;;;;;;;;;;;;;;;;;;;;;;;;;;;;;;;;;;;;;;;;;;;;;;;;;;;;;;
; Passive expansion
;;;;;;;;;;;;;;;;;;;;;;;;;;;;;;;;;;;;;;;;;;;;;;;;;;;;;;;;;
DRIFT 13721.9 200 100
; Collimator start
DRIFT 1000 200 100
; Collimator end
DRIFT 1000 200 100
;;;;;;;;;;;;;;;;;;;;;;;;;;;;;;;;;;;;;;;;;;;;;;;;;;;;;;;;;
; PBW
;;;;;;;;;;;;;;;;;;;;;;;;;;;;;;;;;;;;;;;;;;;;;;;;;;;;;;;;;
;APERTURE 192 70 0
;DIAG_SIZE 9999
;DIAG_SIZE 31012 10 5
DRIFT 4400 200 100
;DRIFT 4400 115
;;;;;;;;;;;;;;;;;;;;;;;;;;;;;;;;;;;;;;;;;;;;;;;;;;;;;;;;;
; BEW
;;;;;;;;;;;;;;;;;;;;;;;;;;;;;;;;;;;;;;;;;;;;;;;;;;;;;;;;;
DIAG_POSITION 30012 0 0 -3
DIAG_POSITION 32012 0 0 -3
;DIAG_POSITION 32021 95 16 -3
;DIAG_POSITION 32021 70 16 -3
;
;DIAG_ACHROMAT 21000 110 1 1
;
; Beam extremity - Raster System
;DIAG_SIZE 4098 20 10 ; maybe possible for an unrastered beam mode?
; Beam extremity - DC steerers
;DIAG_POSITION 5001 80 30 1
;DIAG_SIZE 5002 2 2
PLOT_DST
DRIFT 1e-08 200 100
QUAD 0 0 200
END


